10000000000000
10000033382000
10000066738000
10000100129000
10000133472000
10000166843000
10000200207000
10000233574000
10000266942000
10000300315000
10000333678000
10000367065000
10000400419000
10000433780000
10000467156000
10000500510000
10000533870000
10000567298000
10000600618000
10000633974000
10000667388000
10000700711000
10000734074000
10000767444000
10000800819000
10000834181000
10000867546000
10000900925000
10000934305000
10000967647000
10001001014000
10001034395000
10001067743000
10001101109000
10001134470000
10001167847000
10001201215000
10001234571000
10001267945000
10001301335000
10001334675000
10001368048000
10001401408000
10001434769000
10001468150000
10001501517000
10001534888000
10001568238000
10001601618000
10001634972000
10001668369000
10001701704000
10001735074000
10001768446000
10001801816000
10001835178000
10001868538000
10001901910000
10001935281000
10001968640000
10002002003000
10002035368000
10002068740000
10002102114000
10002135470000
10002168842000
10002202207000
10002235571000
10002268941000
10002302304000
10002335669000
10002369047000
10002402411000
10002435771000
10002469139000
10002502505000
10002535869000
10002569246000
10002602605000
10002635972000
10002669364000
10002702711000
10002736071000
10002769437000
10002802802000
10002836174000
10002869541000
10002902911000
10002936289000
10002969639000
10003003020000
10003036380000
10003069742000
10003103114000
10003136476000
10003169840000
10003203204000
10003236572000
10003269947000
10003303316000
10003336673000
10003370037000
10003403407000
10003436771000
10003470156000
10003503524000
10003536874000
10003570246000
10003603615000
10003636995000
10003670357000
10003703706000
10003737076000
10003770440000
10003803811000
10003837180000
10003870542000
10003903915000
10003937318000
10003970644000
10004004012000
10004037388000
10004070741000
10004104119000
10004137488000
10004170847000
10004204218000
10004237594000
10004270936000
10004304305000
10004337696000
10004371044000
10004404419000
10004437816000
10004471143000
10004504511000
10004537896000
10004571243000
10004604606000
10004637990000
10004671353000
10004704703000
10004738096000
10004771444000
10004804807000
10004838208000
10004871542000
10004904903000
10004938310000
10004971640000
10005005008000
10005038430000
10005071742000
10005105107000
10005138500000
10005171840000
10005205209000
10005238588000
10005271946000
10005305308000
10005338695000
10005372037000
10005405407000
10005438807000
10005472143000
10005505507000
10005538886000
10005572246000
10005605607000
10005638997000
10005672351000
10005705703000
10005739088000
10005772439000
10005805804000
10005839180000
10005872543000
10005905926000
10005939313000
10005972658000
10006006008000
10006039383000
10006072737000
10006106125000
10006139489000
10006172841000
10006206216000
10006239586000
10006272952000
10006306308000
10006339675000
10006373040000
10006406411000
10006439784000
10006473141000
10006506515000
10006539890000
10006573258000
10006606615000
10006639978000
10006673347000
10006706711000
10006740075000
10006773441000
10006806829000
10006840184000
10006873550000
10006906913000
10006940285000
10006973640000
10007007014000
10007040376000
10007073739000
10007107137000
10007140479000
10007173837000
10007207211000
10007240569000
10007273941000
10007307327000
10007340671000
10007374040000
10007407427000
10007440784000
10007474154000
10007507516000
10007540878000
10007574239000
10007607613000
10007640975000
10007674362000
10007707711000
10007741082000
10007774437000
10007807815000
10007841174000
10007874542000
10007907917000
10007941305000
10007974642000
10008008013000
10008041390000
10008074743000
10008108105000
10008141473000
10008174838000
10008208208000
10008241579000
10008274937000
10008308325000
10008341690000
10008375048000
10008408408000
10008441771000
10008475141000
10008508508000
10008541884000
10008575242000
10008608612000
10008641975000
10008675357000
10008708708000
10008742073000
10008775440000
10008808814000
10008842195000
10008875550000
10008908906000
10008942290000
10008975639000
10009009008000
10009042371000
10009075737000
10009109105000
10009142490000
10009175839000
10009209209000
10009242573000
10009275938000
10009309305000
10009342672000
10009376039000
10009409411000
10009442777000
10009476134000
10009509508000
10009542880000
10009576242000
10009609616000
10009642972000
10009676355000
10009709709000
10009743078000
10009776441000
10009809810000
10009843172000
10009876536000
10009909909000
10009943292000
10009976638000
10010010008000
10010043394000
10010076737000
10010110109000
10010143470000
10010176839000
10010210207000
10010243572000
10010276945000
10010310313000
10010343674000
10010377053000
10010410404000
10010443771000
10010477144000
10010510511000
10010543876000
10010577253000
10010610611000
10010643983000
10010677374000
10010710707000
10010744069000
10010777454000
10010810812000
10010844175000
10010877563000
10010910914000
10010944283000
10010977654000
10011011009000
10011044375000
10011077761000
10011111105000
10011144473000
10011177853000
10011211208000
10011244572000
10011277971000
10011311307000
10011344676000
10011378064000
10011411413000
10011444773000
10011478167000
10011511504000
10011544879000
10011578338000
10011611608000
10011644970000
10011678402000
10011711706000
10011745071000
10011778478000
10011811814000
10011845171000
10011878563000
10011911908000
10011945289000
10011978656000
10012012005000
10012045370000
10012078763000
10012112111000
10012145474000
10012178862000
10012212207000
10012245572000
10012278963000
10012312313000
10012345672000
10012379058000
10012412406000
10012445771000
10012479177000
10012512516000
10012545884000
10012579261000
10012612619000
10012645982000
10012679377000
10012712710000
10012746076000
10012779448000
10012812806000
10012846172000
10012879544000
10012912904000
10012946304000
10012979647000
10013013009000
10013046375000
10013079745000
10013113112000
10013146480000
10013179847000
10013213207000
10013246580000
10013279949000
10013313310000
10013346675000
10013380042000
10013413402000
10013446775000
10013480143000
10013513505000
10013546901000
10013580250000
10013613608000
10013646979000
10013680356000
10013713709000
10013747092000
10013780445000
10013813802000
10013847193000
10013880545000
10013913915000
10013947308000
10013980640000
10014014004000
10014047377000
10014080744000
10014114104000
10014147492000
10014180842000
10014214211000
10014247574000
10014280938000
10014314304000
10014347673000
10014381044000
10014414411000
10014447804000
10014481154000
10014514504000
10014547879000
10014581243000
10014614607000
10014647978000
10014681365000
10014714709000
10014748079000
10014781442000
10014814806000
10014848174000
10014881538000
10014914909000
10014948296000
10014981645000
10015015006000
10015048376000
10015081753000
10015115109000
10015148474000
10015181840000
10015215207000
10015248578000
10015281947000
10015315304000
10015348680000
10015382048000
10015415401000
10015448772000
10015482142000
10015515503000
10015548877000
10015582245000
10015615606000
10015648978000
10015682358000
10015715706000
10015749073000
10015782442000
10015815809000
10015849180000
10015882554000
10015915910000
10015949287000
10015982642000
10016016004000
10016049374000
10016082738000
10016116115000
10016149476000
10016182862000
10016216209000
10016249575000
10016282940000
10016316306000
10016349674000
10016383039000
10016416405000
10016449775000
10016483144000
10016516505000
10016549874000
10016583255000
10016616607000
10016649991000
10016683354000
10016716708000
10016750077000
10016783444000
10016816811000
10016850172000
10016883538000
10016916904000
10016950296000
10016983640000
10017017018000
10017050374000
10017083746000
10017117116000
10017150478000
10017183843000
10017217216000
10017250571000
10017283938000
10017317335000
10017350674000
10017384040000
10017417429000
10017450774000
10017484140000
10017517518000
10017550871000
10017584242000
10017617629000
10017650990000
10017684356000
10017717729000
10017751070000
10017784444000
10017817825000
10017851176000
10017884540000
10017917932000
10017951297000
10017984653000
10018018039000
10018051374000
10018084739000
10018118124000
10018151470000
10018184840000
10018218227000
10018251574000
10018284939000
10018318382000
10018351670000
10018385036000
10018418421000
10018451775000
10018485148000
10018518534000
10018551876000
10018585242000
10018618626000
10018651968000
10018685352000
10018718717000
10018752075000
10018785438000
10018818830000
10018852172000
10018885538000
10018918933000
10018952295000
10018985641000
10019019015000
10019052373000
10019085738000
10019119127000
10019152469000
10019185839000
10019219226000
10019252576000
10019285969000
10019319343000
10019352674000
10019386042000
10019419422000
10019452770000
10019486140000
10019519516000
10019552873000
10019586282000
10019619633000
10019652976000
10019686373000
10019719720000
10019753088000
10019786448000
10019819815000
10019853172000
10019886544000
10019919907000
10019953287000
10019986647000
10020020012000
10020053384000
10020086762000
10020120115000
10020153473000
10020186846000
10020220213000
10020253572000
10020286955000
10020320330000
10020353684000
10020387041000
10020420408000
10020453770000
10020487147000
10020520506000
10020553875000
10020587315000
10020620609000
10020653984000
10020687383000
10020720715000
10020754070000
10020787441000
10020820807000
10020854171000
10020887545000
10020920911000
10020954345000
10020987643000
10021021007000
10021054376000
10021087747000
10021121107000
10021154470000
10021187853000
10021221226000
10021254572000
10021287938000
10021321304000
10021354670000
10021388042000
10021421408000
10021454776000
10021488161000
10021521509000
10021554883000
10021588244000
10021621609000
10021654987000
10021688357000
10021721718000
10021755100000
10021788441000
10021821818000
10021855175000
10021888541000
10021921908000
10021955290000
10021988645000
10022022013000
10022055367000
10022088744000
10022122121000
10022155468000
10022188845000
10022222205000
10022255574000
10022288946000
10022322376000
10022355686000
10022389041000
10022422416000
10022455793000
10022489140000
10022522503000
10022555874000
10022589241000
10022622607000
10022655979000
10022689359000
10022722734000
10022756071000
10022789446000
10022822808000
10022856169000
10022889544000
10022922916000
10022956280000
10022989639000
10023023007000
10023056370000
10023089744000
10023123112000
10023156472000
10023189841000
10023223224000
10023256570000
10023289938000
10023323309000
10023356669000
10023390040000
10023423406000
10023456772000
10023490142000
10023523513000
10023556873000
10023590244000
10023623609000
10023656996000
10023690359000
10023723706000
10023757077000
10023790447000
10023823811000
10023857182000
10023890540000
10023923903000
10023957303000
10023990637000
10024024003000
10024057390000
10024090739000
10024124113000
10024157492000
10024190838000
10024224204000
10024257592000
10024290939000
10024324303000
10024357685000
10024391038000
10024424404000
10024457805000
10024491140000
10024524509000
10024557901000
10024591238000
10024624611000
10024658000000
10024691350000
10024724705000
10024758110000
10024791445000
10024824802000
10024858192000
10024891544000
10024924907000
10024958338000
10024991645000
10025025010000
10025058417000
10025091741000
10025125105000
10025158481000
10025191839000
10025225203000
10025258590000
10025291938000
10025325308000
10025358696000
10025392042000
10025425406000
10025458796000
10025492139000
10025525508000
10025558894000
10025592245000
10025625606000
10025658994000
10025692352000
10025725709000
10025759084000
10025792442000
10025825811000
10025859200000
10025892542000
10025925921000
10025959326000
10025992637000
10026026011000
10026059381000
10026092739000
10026126112000
10026159483000
10026192851000
10026226213000
10026259586000
10026292967000
10026326312000
10026359680000
10026393037000
10026426413000
10026459788000
10026493138000
10026526510000
10026559883000
10026593241000
10026626613000
10026659982000
10026693358000
10026726715000
10026760080000
10026793452000
10026826808000
10026860174000
10026893537000
10026926911000
10026960280000
10026993637000
10027027030000
10027060391000
10027093763000
10027127116000
10027160499000
10027193838000
10027227207000
10027260576000
10027293936000
10027327362000
10027360677000
10027394038000
10027427414000
10027460770000
10027494139000
10027527511000
10027560871000
10027594242000
10027627617000
10027660991000
10027694354000
10027727707000
10027761068000
10027794440000
10027827815000
10027861170000
10027894539000
10027927910000
10027961291000
10027994640000
10028028024000
10028061383000
10028094741000
10028128116000
10028161471000
10028194839000
10028228212000
10028261584000
10028294937000
10028328322000
10028361669000
10028395039000
10028428410000
10028461782000
10028495140000
10028528511000
10028561878000
10028595240000
10028628609000
10028661976000
10028695347000
10028728711000
10028762082000
10028795439000
10028828818000
10028862196000
10028895540000
10028928924000
10028962285000
10028995638000
10029029014000
10029062376000
10029095741000
10029129111000
10029162481000
10029195839000
10029229206000
10029262573000
10029295941000
10029329314000
10029362685000
10029396040000
10029429412000
10029462779000
10029496142000
10029529506000
10029562870000
10029596239000
10029629611000
10029662991000
10029696364000
10029729710000
10029763074000
10029796444000
10029829818000
10029863172000
10029896537000
10029929910000
10029963326000
10029996641000
10030030006000
10030063373000
10030096737000
10030130103000
10030163474000
10030196839000
10030230211000
10030263578000
10030296942000
10030330305000
10030363669000
10030397060000
10030430409000
10030463770000
10030497143000
10030530508000
10030563870000
10030597256000
10030630609000
10030663994000
10030697386000
10030730710000
10030764071000
10030797452000
10030830808000
10030864180000
10030897580000
10030930906000
10030964289000
10030997657000
10031031009000
10031064372000
10031097760000
10031131111000
10031164473000
10031197881000
10031231203000
10031264570000
10031297954000
10031331310000
10031364687000
10031398059000
10031431406000
10031464771000
10031498193000
10031531507000
10031564874000
10031598260000
10031631611000
10031664969000
10031698389000
10031731722000
10031765071000
10031798474000
10031831811000
10031865170000
10031898555000
10031931909000
10031965282000
10031998659000
10032032008000
10032065370000
10032098761000
10032132104000
10032165476000
10032198849000
10032232210000
10032265572000
10032298961000
10032332317000
10032365673000
10032399063000
10032432411000
10032465778000
10032499153000
10032532505000
10032565872000
10032599265000
10032632604000
10032665983000
10032699387000
10032732705000
10032766077000
10032799463000
10032832809000
10032866179000
10032899557000
10032932905000
10032966317000
10032999648000
10033033004000
10033066375000
10033099745000
10033133106000
10033166488000
10033199863000
10033233206000
10033266593000
10033299949000
10033333350000
10033366694000
10033400043000
10033433410000
10033466792000
10033500148000
10033533507000
10033566898000
10033600245000
10033633615000
10033667002000
10033700379000
10033733705000
10033767092000
10033800452000
10033833816000
10033867177000
10033900542000
10033933909000
10033967321000
10034000639000
10034034008000
10034067405000
10034100750000
10034134110000
10034167477000
10034200839000
10034234206000
10034267592000
10034300948000
10034334305000
10034367682000
10034401046000
10034434404000
10034467779000
10034501139000
10034534509000
10034567913000
10034601252000
10034634609000
10034667991000
10034701374000
10034734711000
10034768079000
10034801444000
10034834811000
10034868183000
10034901547000
10034934912000
10034968288000
10035001647000
10035035019000
10035068381000
10035101744000
10035135104000
10035168472000
10035201843000
10035235206000
10035268580000
10035301959000
10035335309000
10035368676000
10035402043000
10035435407000
10035468778000
10035502139000
10035535506000
10035568879000
10035602255000
10035635632000
10035668983000
10035702355000
10035735706000
10035769079000
10035802448000
10035835804000
10035869180000
10035902557000
10035935905000
10035969301000
10036002637000
10036036003000
10036069373000
10036102751000
10036136102000
10036169479000
10036202854000
10036236207000
10036269575000
10036302938000
10036336307000
10036369681000
10036403052000
10036436409000
10036469775000
10036503149000
10036536503000
10036569871000
10036603240000
10036636606000
10036669973000
10036703370000
10036736707000
10036770078000
10036803463000
10036836811000
10036870173000
10036903536000
10036936906000
10036970296000
10037003643000
10037037018000
10037070371000
10037103738000
10037137115000
10037170475000
10037203845000
10037237224000
10037270577000
10037303947000
10037337355000
10037370673000
10037404035000
10037437425000
10037470772000
10037504141000
10037537520000
10037570877000
10037604246000
10037637637000
10037670993000
10037704366000
10037737739000
10037771075000
10037804436000
10037837822000
10037871171000
10037904542000
10037937929000
10037971293000
10038004638000
10038038028000
10038071373000
10038104737000
10038138123000
10038171477000
10038204839000
10038238245000
10038271573000
10038304937000
10038338357000
10038371675000
10038405034000
10038438422000
10038471774000
10038505140000
10038538538000
10038571871000
10038605237000
10038638618000
10038671971000
10038705351000
10038738720000
10038772074000
10038805443000
10038838825000
10038872170000
10038905540000
10038938917000
10038972297000
10039005642000
10039039022000
10039072371000
10039105741000
10039139131000
10039172472000
10039205842000
10039239216000
10039272573000
10039305957000
10039339330000
10039372674000
10039406045000
10039439429000
10039472776000
10039506145000
10039539510000
10039572874000
10039606240000
10039639620000
10039672975000
10039706377000
10039739724000
10039773076000
10039806446000
10039839830000
10039873171000
10039906549000
10039939917000
10039973293000
10040006674000
10040040020000
10040073381000
10040106752000
10040140109000
10040173476000
10040206855000
10040240217000
10040273570000
10040306963000
10040340346000
10040373697000
10040407043000
10040440407000
10040473771000
10040507165000
10040540511000
10040573871000
10040607303000
10040640607000
10040673973000
10040707374000
10040740701000
10040774072000
10040807451000
10040840818000
10040874186000
10040907538000
10040940906000
10040974284000
10041007650000
10041041008000
10041074376000
10041107761000
10041141114000
10041174500000
10041207852000
10041241210000
10041274572000
10041307945000
10041341334000
10041374678000
10041408043000
10041441410000
10041474768000
10041508142000
10041541512000
10041574878000
10041608246000
10041641604000
10041674971000
10041708363000
10041741712000
10041775078000
10041808439000
10041841807000
10041875171000
10041908543000
10041941904000
10041975293000
10042008648000
10042042025000
10042075390000
10042108745000
10042142102000
10042175473000
10042208838000
10042242206000
10042275570000
10042308944000
10042342313000
10042375669000
10042409040000
10042442405000
10042475772000
10042509144000
10042542506000
10042575872000
10042609274000
10042642611000
10042675976000
10042709353000
10042742703000
10042776067000
10042809452000
10042842804000
10042876175000
10042909542000
10042942928000
10042976289000
10043009640000
10043043003000
10043076374000
10043109741000
10043143115000
10043176471000
10043209843000
10043243210000
10043276577000
10043309945000
10043343317000
10043376672000
10043410044000
10043443421000
10043476772000
10043510143000
10043543510000
10043576875000
10043610241000
10043643608000
10043676983000
10043710357000
10043743709000
10043777083000
10043810461000
10043843821000
10043877186000
10043910538000
10043943904000
10043977301000
10044010642000
10044044009000
10044077389000
10044110747000
10044144104000
10044177491000
10044210845000
10044244209000
10044277591000
10044310938000
10044344327000
10044377695000
10044411041000
10044444403000
10044477814000
10044511138000
10044544503000
10044577891000
10044611245000
10044644613000
10044678012000
10044711353000
10044744705000
10044778098000
10044811445000
10044844805000
10044878193000
10044911540000
10044944906000
10044978387000
10045011638000
10045045005000
10045078428000
10045111744000
10045145106000
10045178494000
10045211846000
10045245214000
10045278597000
10045311941000
10045345303000
10045378684000
10045412037000
10045445401000
10045478780000
10045512144000
10045545507000
10045578897000
10045612243000
10045645603000
10045678981000
10045712353000
10045745702000
10045779080000
10045812440000
10045845803000
10045879200000
10045912541000
10045945907000
10045979306000
10046012642000
10046046010000
10046079390000
10046112742000
10046146111000
10046179491000
10046212840000
10046246206000
10046279576000
10046312941000
10046346317000
10046379676000
10046413040000
10046446415000
10046479782000
10046513140000
10046546512000
10046579877000
10046613237000
10046646623000
10046679982000
10046713349000
10046746710000
10046780086000
10046813441000
10046846812000
10046880179000
10046913543000
10046946928000
10046980312000
10047013639000
10047047032000
10047080379000
10047113739000
10047147116000
10047180476000
10047213839000
10047247298000
10047280579000
10047313938000
10047347338000
10047380687000
10047414039000
10047447407000
10047480773000
10047514139000
10047547515000
10047580877000
10047614236000
10047647612000
10047680985000
10047714352000
10047747707000
10047781072000
10047814441000
10047847815000
10047881179000
10047914539000
10047947909000
10047981288000
10048014641000
10048048009000
10048081376000
10048114741000
10048148111000
10048181490000
10048214845000
10048248207000
10048281574000
10048314938000
10048348309000
10048381673000
10048415035000
10048448407000
10048481777000
10048515135000
10048548508000
10048581876000
10048615242000
10048648611000
10048681974000
10048715363000
10048748710000
10048782087000
10048815446000
10048848811000
10048882177000
10048915540000
10048948911000
10048982283000
10049015640000
10049049008000
10049082382000
10049115741000
10049149104000
10049182475000
10049215838000
10049249210000
10049282571000
10049315937000
10049349308000
10049382683000
10049416043000
10049449410000
10049482779000
10049516141000
10049549511000
10049582867000
10049616237000
10049649608000
10049682976000
10049716344000
10049749707000
10049783072000
10049816437000
10049849815000
10049883190000
10049916539000
10049949912000
10049983322000
10050016639000
10050050007000
10050083376000
10050116740000
10050150106000
10050183469000
10050216840000
10050250204000
10050283573000
10050316939000
10050350308000
10050383674000
10050417046000
10050450405000
10050483774000
10050517146000
10050550509000
10050583872000
10050617254000
10050650605000
10050683970000
10050717375000
10050750708000
10050784076000
10050817455000
10050850807000
10050884178000
10050917560000
10050950923000
10050984287000
10051017657000
10051051010000
10051084379000
10051117768000
10051151105000
10051184479000
10051217873000
10051251204000
10051284574000
10051317961000
10051351314000
10051384673000
10051418071000
10051451406000
10051484771000
10051518178000
10051551510000
10051584871000
10051618261000
10051651609000
10051684982000
10051718428000
10051751702000
10051785075000
10051818459000
10051851804000
10051885169000
10051918557000
10051951906000
10051985284000
10052018663000
10052052006000
10052085375000
10052118757000
10052152107000
10052185469000
10052218856000
10052252210000
10052285573000
10052318966000
10052352303000
10052385672000
10052419047000
10052452402000
10052485774000
10052519155000
10052552509000
10052585886000
10052619304000
10052652603000
10052685983000
10052719359000
10052752706000
10052786080000
10052819441000
10052852807000
10052886188000
10052919556000
10052952905000
10052986313000
10053019640000
10053053009000
10053086380000
10053119744000
10053153108000
10053186486000
10053219864000
10053253218000
10053286581000
10053319944000
10053353309000
10053386693000
10053420044000
10053453412000
10053486781000
10053520155000
10053553502000
10053586876000
10053620242000
10053653604000
10053686992000
10053720364000
10053753705000
10053787097000
10053820444000
10053853811000
10053887187000
10053920541000
10053953905000
10053987353000
10054020644000
10054054008000
10054087404000
10054120741000
10054154102000
10054187475000
10054220839000
10054254207000
10054287575000
10054320942000
10054354339000
10054387676000
10054421046000
10054454422000
10054487782000
10054521143000
10054554507000
10054587882000
10054621251000
10054654612000
10054687980000
10054721361000
10054754729000
10054788075000
10054821445000
10054854805000
10054888181000
10054921550000
10054954911000
10054988293000
10055021639000
10055055005000
10055088373000
10055121740000
10055155107000
10055188481000
10055221847000
10055255220000
10055288575000
10055321942000
10055355308000
10055388673000
10055422037000
10055455409000
10055488780000
10055522153000
10055555508000
10055588873000
10055622245000
10055655609000
10055688978000
10055722349000
10055755706000
10055789080000
10055822447000
10055855811000
10055889174000
10055922540000
10055955907000
10055989294000
10056022638000
10056056002000
10056089381000
10056122756000
10056156114000
10056189473000
10056222839000
10056256206000
10056289573000
10056322938000
10056356305000
10056389673000
10056423055000
10056456406000
10056489772000
10056523146000
10056556508000
10056589874000
10056623242000
10056656612000
10056689987000
10056723370000
10056756704000
10056790075000
10056823434000
10056856808000
10056890195000
10056923550000
10056956906000
10056990297000
10057023649000
10057057024000
10057090370000
10057123736000
10057157127000
10057190490000
10057223853000
10057257211000
10057290571000
10057323943000
10057357358000
10057390678000
10057424039000
10057457419000
10057490779000
10057524149000
10057557526000
10057590871000
10057624246000
10057657623000
10057690971000
10057724350000
10057757720000
10057791077000
10057824462000
10057857822000
10057891175000
10057924543000
10057957932000
10057991286000
10058024635000
10058058021000
10058091374000
10058124743000
10058158145000
10058191471000
10058224840000
10058258250000
10058291576000
10058324938000
10058358359000
10058391674000
10058425039000
10058458468000
10058491779000
10058525144000
10058558526000
10058591872000
10058625242000
10058658619000
10058691972000
10058725352000
10058758735000
10058792071000
10058825436000
10058858824000
10058892171000
10058925538000
10058958917000
10058992286000
10059025638000
10059059023000
10059092371000
10059125741000
10059159128000
10059192475000
10059225838000
10059259219000
10059292571000
10059325967000
10059359350000
10059392676000
10059426044000
10059459407000
10059492773000
10059526153000
10059559508000
10059592883000
10059626249000
10059659623000
10059692987000
10059726355000
10059759709000
10059793073000
10059826443000
10059859816000
10059893172000
10059926557000
10059959918000
10059993338000
10060026643000
10060060008000
10060093373000
10060126745000
10060160105000
10060193472000
10060226855000
10060260213000
10060293574000
10060326949000
10060360339000
10060393679000
10060427049000
10060460415000
10060493774000
10060527166000
10060560518000
10060593886000
10060627246000
10060660609000
10060693971000
10060727382000
10060760715000
10060794088000
10060827454000
10060860814000
10060894171000
10060927565000
10060960907000
10060994290000
10061027644000
10061061015000
10061094376000
10061127755000
10061161110000
10061194484000
10061227840000
10061261204000
10061294573000
10061327949000
10061361355000
10061394682000
10061428046000
10061461410000
10061494783000
10061528147000
10061561509000
10061594874000
10061628247000
10061661611000
10061694993000
10061728363000
10061761720000
10061795087000
10061828449000
10061861804000
10061895169000
10061928537000
10061961910000
10061995280000
10062028647000
10062062005000
10062095373000
10062128743000
10062162108000
10062195470000
10062228848000
10062262217000
10062295574000
10062328947000
10062362310000
10062395673000
10062429043000
10062462405000
10062495769000
10062529145000
10062562518000
10062595874000
10062629240000
10062662610000
10062695973000
10062729353000
10062762704000
10062796073000
10062829437000
10062862809000
10062896170000
10062929543000
10062962911000
10062996286000
10063029639000
10063063006000
10063096371000
10063129746000
10063163115000
10063196482000
10063229840000
10063263203000
10063296577000
10063329940000
10063363307000
10063396672000
10063430039000
10063463418000
10063496777000
10063530144000
10063563503000
10063596878000
10063630244000
10063663608000
10063696988000
10063730350000
10063763713000
10063797079000
10063830442000
10063863806000
10063897184000
10063930540000
10063963923000
10063997299000
10064030642000
10064064008000
10064097398000
10064130744000
10064164106000
10064197488000
10064230843000
10064264213000
10064297589000
10064330941000
10064364330000
10064397696000
10064431041000
10064464403000
10064497812000
10064531144000
10064564505000
10064597894000
10064631239000
10064664608000
10064698003000
10064731347000
10064764705000
10064798099000
10064831450000
10064864808000
10064898213000
10064931540000
10064964905000
10064998359000
10065031640000
10065065001000
10065098398000
10065131740000
10065165104000
10065198490000
10065231840000
10065265206000
10065298604000
10065331938000
10065365305000
10065398687000
10065432040000
10065465402000
10065498786000
10065532139000
10065565502000
10065598893000
10065632240000
10065665605000
10065699008000
10065732357000
10065765705000
10065799098000
10065832437000
10065865805000
10065899182000
10065932536000
10065965908000
10065999330000
10066032641000
10066066013000
10066099385000
10066132742000
10066166110000
10066199484000
10066232839000
10066266209000
10066299572000
10066332941000
10066366331000
10066399684000
10066433059000
10066466413000
10066499772000
10066533153000
10066566513000
10066599891000
10066633242000
10066666627000
10066699982000
10066733371000
10066766719000
10066800074000
10066833438000
10066866815000
10066900183000
10066933537000
10066966923000
10067000306000
10067033643000
10067067014000
10067100376000
10067133739000
10067167124000
10067200473000
10067233836000
10067267232000
10067300580000
10067333950000
10067367337000
10067400674000
10067434049000
10067467437000
10067500783000
10067534140000
10067567513000
10067600877000
10067634239000
10067667609000
10067700973000
10067734347000
10067767711000
10067801079000
10067834441000
10067867810000
10067901180000
10067934537000
10067967914000
10068001286000
10068034636000
10068068010000
10068101383000
10068134740000
10068168115000
10068201487000
10068234843000
10068268208000
10068301573000
10068334935000
10068368325000
10068401683000
10068435040000
10068468415000
10068501783000
10068535141000
10068568505000
10068601872000
10068635236000
10068668615000
10068701980000
10068735361000
10068768707000
10068802082000
10068835461000
10068868808000
10068902171000
10068935538000
10068968908000
10069002302000
10069035640000
10069069008000
10069102374000
10069135744000
10069169110000
10069202473000
10069235841000
10069269210000
10069302587000
10069335938000
10069369309000
10069402670000
10069436039000
10069469408000
10069502772000
10069536138000
10069569513000
10069602893000
10069636240000
10069669612000
10069702977000
10069736348000
10069769710000
10069803070000
10069836436000
10069869811000
10069903179000
10069936535000
10069969909000
10070003293000
10070036642000
10070070013000
10070103375000
10070136741000
10070170121000
10070203490000
10070236839000
10070270208000
10070303570000
10070336944000
10070370310000
10070403671000
10070437041000
10070470406000
10070503787000
10070537163000
10070570509000
10070603876000
10070637251000
10070670609000
10070703972000
10070737373000
10070770721000
10070804078000
10070837449000
10070870806000
10070904173000
10070937563000
10070970921000
10071004297000
10071037665000
10071071011000
10071104376000
10071137792000
10071171104000
10071204473000
10071237848000
10071271206000
10071304571000
10071337957000
10071371337000
10071404683000
10071438072000
10071471405000
10071504775000
10071538160000
10071571511000
10071604875000
10071638326000
10071671605000
10071704971000
10071738428000
10071771707000
10071805073000
10071838456000
10071871809000
10071905172000
10071938562000
10071971908000
10072005291000
10072038649000
10072072005000
10072105373000
10072138751000
10072172108000
10072205483000
10072238862000
10072272210000
10072305574000
10072338975000
10072372306000
10072405674000
10072439050000
10072472408000
10072505776000
10072539162000
10072572505000
10072605876000
10072639278000
10072672611000
10072705997000
10072739372000
10072772709000
10072806080000
10072839464000
10072872815000
10072906179000
10072939545000
10072972905000
10073006299000
10073039646000
10073073007000
10073106383000
10073139752000
10073173111000
10073206475000
10073239844000
10073273204000
10073306600000
10073339942000
10073373306000
10073406681000
10073440045000
10073473415000
10073506775000
10073540138000
10073573508000
10073606875000
10073640244000
10073673611000
10073706998000
10073740366000
10073773713000
10073807079000
10073840438000
10073873805000
10073907182000
10073940538000
10073973908000
10074007336000
10074040654000
10074074024000
10074107383000
10074140740000
10074174110000
10074207482000
10074240851000
10074274205000
10074307580000
10074340948000
10074374354000
10074407676000
10074441041000
10074474411000
10074507773000
10074541142000
10074574506000
10074607878000
10074641260000
10074674612000
10074707971000
10074741355000
10074774704000
10074808078000
10074841456000
10074874827000
10074908181000
10074941544000
10074974908000
10075008309000
10075041642000
10075075005000
10075108379000
10075141746000
10075175105000
10075208489000
10075241846000
10075275204000
10075308577000
10075341941000
10075375305000
10075408674000
10075442047000
10075475409000
10075508777000
10075542153000
10075575517000
10075608883000
10075642239000
10075675608000
10075708980000
10075742374000
10075775707000
10075809080000
10075842450000
10075875818000
10075909175000
10075942536000
10075975902000
10076009293000
10076042654000
10076076011000
10076109371000
10076142741000
10076176118000
10076209477000
10076242839000
10076276209000
10076309576000
10076342944000
10076376303000
10076409675000
10076443036000
10076476405000
10076509770000
10076543133000
10076576507000
10076609875000
10076643247000
10076676611000
10076709972000
10076743351000
10076776707000
10076810077000
10076843440000
10076876808000
10076910173000
10076943544000
10076976908000
10077010288000
10077043642000
10077077052000
10077110378000
10077143739000
10077177125000
10077210479000
10077243848000
10077277216000
10077310574000
10077343938000
10077377329000
10077410669000
10077444035000
10077477421000
10077510780000
10077544149000
10077577528000
10077610874000
10077644239000
10077677619000
10077710975000
10077744355000
10077777724000
10077811074000
10077844435000
10077877844000
10077911171000
10077944540000
10077977926000
10078011316000
10078044649000
10078078030000
10078111375000
10078144737000
10078178140000
10078211472000
10078244837000
10078278226000
10078311572000
10078344937000
10078378356000
10078411676000
10078445042000
10078478436000
10078511778000
10078545136000
10078578514000
10078611873000
10078645238000
10078678626000
10078711973000
10078745350000
10078778725000
10078812075000
10078845440000
10078878817000
10078912176000
10078945537000
10078978932000
10079012290000
10079045640000
10079079030000
10079112374000
10079145737000
10079179114000
10079212472000
10079245842000
10079279233000
10079312575000
10079345947000
10079379355000
10079412689000
10079446041000
10079479410000
10079512775000
10079546146000
10079579520000
10079612874000
10079646244000
10079679621000
10079712978000
10079746357000
10079779724000
10079813072000
10079846442000
10079879820000
10079913172000
10079946541000
10079979911000
10080013281000
10080046647000
10080080016000
10080113388000
10080146749000
10080180121000
10080213473000
10080246838000
10080280213000
10080313570000
10080346943000
10080380315000
10080413674000
10080447057000
10080480416000
10080513768000
10080547147000
10080580509000
10080613875000
10080647241000
10080680610000
10080713985000
10080747387000
10080780719000
10080814091000
10080847440000
10080880805000
10080914170000
10080947539000
10080980910000
10081014281000
10081047647000
10081081027000
10081114377000
10081147738000
10081181107000
10081214472000
10081247843000
10081281204000
10081314571000
10081347945000
10081381327000
10081414669000
10081448047000
10081481409000
10081514779000
10081548154000
10081581511000
10081614871000
10081648247000
10081681616000
10081715000000
10081748367000
10081781707000
10081815068000
10081848447000
10081881819000
10081915177000
10081948549000
10081981918000
10082015311000
10082048637000
10082082010000
10082115387000
10082148740000
10082182126000
10082215487000
10082248839000
10082282215000
10082315573000
10082348944000
10082382308000
10082415670000
10082449043000
10082482415000
10082515778000
10082549147000
10082582529000
10082615871000
10082649242000
10082682604000
10082715974000
10082749371000
10082782710000
10082816071000
10082849443000
10082882807000
10082916172000
10082949542000
10082982906000
10083016287000
10083049643000
10083083020000
10083116379000
10083149736000
10083183111000
10083216476000
10083249838000
10083283209000
10083316577000
10083349942000
10083383325000
10083416678000
10083450039000
10083483409000
10083516769000
10083550139000
10083583508000
10083616876000
10083650246000
10083683612000
10083716997000
10083750354000
10083783707000
10083817078000
10083850439000
10083883807000
10083917176000
10083950541000
10083983905000
10084017305000
10084050638000
10084084011000
10084117395000
10084150741000
10084184108000
10084217491000
10084250840000
10084284209000
10084317607000
10084350939000
10084384316000
10084417684000
10084451038000
10084484405000
10084517790000
10084551143000
10084584525000
10084617911000
10084651241000
10084684607000
10084718003000
10084751359000
10084784703000
10084818097000
10084851442000
10084884806000
10084918215000
10084951545000
10084984904000
10085018297000
10085051640000
10085085012000
10085118427000
10085151748000
10085185110000
10085218506000
10085251840000
10085285203000
10085318586000
10085351937000
10085385314000
10085418685000
10085452038000
10085485407000
10085518783000
10085552155000
10085585525000
10085618882000
10085652239000
10085685606000
10085718994000
10085752351000
10085785706000
10085819095000
10085852440000
10085885811000
10085919196000
10085952541000
10085985910000
10086019308000
10086052638000
10086086007000
10086119394000
10086152743000
10086186110000
10086219483000
10086252842000
10086286214000
10086319585000
10086352945000
10086386313000
10086419680000
10086453036000
10086486416000
10086519780000
10086553142000
10086586525000
10086619887000
10086653237000
10086686617000
10086719986000
10086753361000
10086786714000
10086820083000
10086853440000
10086886834000
10086920182000
10086953557000
10086986910000
10087020288000
10087053641000
10087087008000
10087120372000
10087153748000
10087187130000
10087220485000
10087253839000
10087287269000
10087320575000
10087353934000
10087387349000
10087420679000
10087454040000
10087487425000
10087520783000
10087554147000
10087587509000
10087620872000
10087654238000
10087687620000
10087720974000
10087754348000
10087787719000
10087821073000
10087854452000
10087887807000
10087921168000
10087954538000
10087987906000
10088021289000
10088054640000
10088088023000
10088121384000
10088154750000
10088188107000
10088221482000
10088254840000
10088288210000
10088321576000
10088354939000
10088388312000
10088421692000
10088455042000
10088488412000
10088521774000
10088555139000
10088588515000
10088621870000
10088655238000
10088688616000
10088721990000
10088755361000
10088788711000
10088822070000
10088855437000
10088888810000
10088922220000
10088955554000
10088988913000
10089022295000
10089055638000
10089089010000
10089122370000
10089155737000
10089189109000
10089222473000
10089255837000
10089289211000
10089322577000
10089355937000
10089389320000
10089422675000
10089456039000
10089489411000
10089522783000
10089556139000
10089589509000
10089622882000
10089656235000
10089689604000
10089722971000
10089756352000
10089789709000
10089823087000
10089856439000
10089889808000
10089923189000
10089956536000
10089989926000
10090023286000
10090056639000
10090090008000
10090123380000
10090156740000
10090190111000
10090223476000
10090256840000
10090290209000
10090323571000
10090356949000
10090390311000
10090423678000
10090457041000
10090490408000
10090523774000
10090557149000
10090590506000
10090623873000
10090657251000
10090690616000
10090723979000
10090757366000
10090790708000
10090824079000
10090857458000
10090890807000
10090924188000
10090957552000
10090990906000
10091024294000
10091057663000
10091091008000
10091124374000
10091157755000
10091191115000
10091224472000
10091257851000
10091291208000
10091324568000
10091357970000
10091391311000
10091424673000
10091458063000
10091491416000
10091524771000
10091558172000
10091591512000
10091624878000
10091658310000
10091691608000
10091724971000
10091758383000
10091791703000
10091825069000
10091858459000
10091891808000
10091925176000
10091958588000
10091991912000
10092025289000
10092058648000
10092092008000
10092125368000
10092158751000
10092192112000
10092225482000
10092258859000
10092292207000
10092325570000
10092358950000
10092392306000
10092425675000
10092459056000
10092492409000
10092525778000
10092559168000
10092592506000
10092625872000
10092659255000
10092692603000
10092725980000
10092759375000
10092792706000
10092826081000
10092859458000
10092892807000
10092926177000
10092959552000
10092992906000
10093026312000
10093059647000
10093093016000
10093126376000
10093159755000
10093193108000
10093226481000
10093259845000
10093293206000
10093326589000
10093359958000
10093393313000
10093426692000
10093460048000
10093493419000
10093526775000
10093560139000
10093593503000
10093626889000
10093660252000
10093693625000
10093726992000
10093760366000
10093793726000
10093827103000
10093860447000
10093893805000
10093927191000
10093960543000
10093993903000
10094027340000
10094060636000
10094094005000
10094127375000
10094160745000
10094194116000
10094227486000
10094260847000
10094294205000
10094327579000
10094360937000
10094394303000
10094427674000
10094461038000
10094494402000
10094527780000
10094561148000
10094594525000
10094627874000
10094661238000
10094694612000
10094727987000
10094761351000
10094794707000
10094828080000
10094861448000
10094894813000
10094928175000
10094961544000
10094994904000
10095028318000
10095061639000
10095095004000
10095128387000
10095161754000
10095195112000
10095228483000
10095261837000
10095295206000
10095328577000
10095361937000
10095395303000
10095428677000
10095462059000
10095495427000
10095528775000
10095562139000
10095595505000
10095628876000
10095662243000
10095695605000
10095728978000
10095762355000
10095795705000
10095829080000
10095862440000
10095895810000
10095929177000
10095962565000
10095995905000
10096029296000
10096062649000
10096096006000
10096129373000
10096162741000
10096196102000
10096229483000
10096262849000
10096296203000
10096329577000
10096362949000
10096396305000
10096429677000
10096463036000
10096496402000
10096529787000
10096563146000
10096596504000
10096629874000
10096663241000
10096696605000
10096729975000
10096763352000
10096796707000
10096830079000
10096863448000
10096896812000
10096930173000
10096963547000
10096996905000
10097030294000
10097063640000
10097097010000
10097130374000
10097163741000
10097197113000
10097230479000
10097263838000
10097297221000
10097330572000
10097363940000
10097397338000
10097430674000
10097464042000
10097497418000
10097530768000
10097564138000
10097597522000
10097630875000
10097664245000
10097697639000
10097730983000
10097764357000
10097797730000
10097831073000
10097864438000
10097897826000
10097931175000
10097964536000
10097997923000
10098031301000
10098064637000
10098098039000
10098131379000
10098164740000
10098198128000
10098231480000
10098264850000
10098298233000
10098331573000
10098364936000
10098398424000
10098431674000
10098465037000
10098498420000
10098531775000
10098565139000
10098598526000
10098631879000
10098665239000
10098698630000
10098731974000
10098765345000
10098798714000
10098832072000
10098865437000
10098898822000
10098932174000
10098965545000
10098998927000
10099032295000
10099065638000
10099099013000
10099132378000
10099165738000
10099199140000
10099232471000
10099265849000
10099299237000
10099332571000
10099365945000
10099399334000
10099432675000
10099466040000
10099499424000
10099532769000
10099566143000
10099599533000
10099632874000
10099666244000
10099699615000
10099732975000
10099766356000
10099799712000
10099833073000
10099866458000
10099899817000
10099933170000
10099966547000
10099999906000
10100033290000
10100066656000
10100100017000
10100133372000
10100166759000
10100200111000
10100233474000
10100266846000
10100300208000
10100333578000
10100366955000
10100400333000
10100433673000
10100467062000
10100500415000
10100533782000
10100567143000
10100600507000
10100633872000
10100667297000
10100700613000
10100733975000
10100767387000
10100800712000
10100834086000
10100867449000
10100900808000
10100934174000
10100967547000
10101000907000
10101034281000
10101067648000
10101101020000
10101134373000
10101167742000
10101201113000
10101234481000
10101267850000
10101301216000
10101334572000
10101367950000
10101401315000
10101434672000
10101468038000
10101501403000
10101534772000
10101568146000
10101601520000
10101634892000
10101668245000
10101701608000
10101734974000
10101768364000
10101801713000
10101835071000
10101868444000
10101901814000
10101935167000
10101968541000
10102001902000
10102035293000
10102068654000
10102102027000
10102135376000
10102168744000
10102202114000
10102235480000
10102268842000
10102302205000
10102335572000
10102368936000
10102402303000
10102435670000
10102469047000
10102502419000
10102535773000
10102569146000
10102602513000
10102635886000
10102669243000
10102702609000
10102735970000
10102769353000
10102802719000
10102836079000
10102869440000
10102902807000
10102936173000
10102969543000
10103002922000
10103036292000
10103069643000
10103103024000
10103136377000
10103169743000
10103203105000
10103236469000
10103269841000
10103303215000
10103336571000
10103369944000
10103403307000
10103436674000
10103470040000
10103503403000
10103536771000
10103570143000
10103603523000
10103636874000
10103670238000
10103703612000
10103736989000
10103770362000
10103803708000
10103837077000
10103870444000
10103903816000
10103937179000
10103970539000
10104003912000
10104037310000
10104070640000
10104104004000
10104137382000
10104170738000
10104204107000
10104237492000
10104270842000
10104304218000
10104337614000
10104370939000
10104404303000
10104437684000
10104471041000
10104504407000
10104537801000
10104571147000
10104604513000
10104637896000
10104671243000
10104704611000
10104738002000
10104771358000
10104804709000
10104838109000
10104871441000
10104904806000
10104938191000
10104971543000
10105004904000
10105038302000
10105071642000
10105105005000
10105138466000
10105171749000
10105205104000
10105238484000
10105271838000
10105305209000
10105338586000
10105371939000
10105405305000
10105438694000
10105472057000
10105505405000
10105538782000
10105572142000
10105605506000
10105638889000
10105672239000
10105705609000
10105738999000
10105772354000
10105805713000
10105839084000
10105872443000
10105905804000
10105939180000
10105972541000
10106005914000
10106039308000
10106072647000
10106106009000
10106139381000
10106172740000
10106206113000
10106239477000
10106272840000
10106306207000
10106339591000
10106372940000
10106406313000
10106439675000
10106473043000
10106506431000
10106539778000
10106573142000
10106606514000
10106639884000
10106673237000
10106706612000
10106739973000
10106773348000
10106806714000
10106840089000
10106873464000
10106906826000
10106940183000
10106973548000
10107006911000
10107040293000
10107073640000
10107107027000
10107140382000
10107173757000
10107207116000
10107240478000
10107273845000
10107307216000
10107340582000
10107373945000
10107407352000
10107440684000
10107474055000
10107507427000
10107540780000
10107574147000
10107607509000
10107640870000
10107674238000
10107707616000
10107740976000
10107774386000
10107807711000
10107841083000
10107874439000
10107907809000
10107941171000
10107974534000
10108007912000
10108041305000
10108074648000
10108108003000
10108141373000
10108174739000
10108208126000
10108241486000
10108274838000
10108308219000
10108341576000
10108374943000
10108408322000
10108441675000
10108475036000
10108508407000
10108541770000
10108575140000
10108608514000
10108641899000
10108675265000
10108708607000
10108741972000
10108775352000
10108808705000
10108842071000
10108875438000
10108908810000
10108942179000
10108975537000
10109008905000
10109042286000
10109075642000
10109109012000
10109142383000
10109175738000
10109209120000
10109242476000
10109275848000
10109309211000
10109342575000
10109375937000
10109409324000
10109442673000
10109476040000
10109509414000
10109542780000
10109576158000
10109609508000
10109642870000
10109676241000
10109709609000
10109742969000
10109776350000
10109809708000
10109843083000
10109876437000
10109909804000
10109943172000
10109976540000
10110009910000
10110043308000
10110076644000
10110110006000
10110143394000
10110176740000
10110210108000
10110243472000
10110276837000
10110310213000
10110343575000
10110376945000
10110410314000
10110443671000
10110477046000
10110510406000
10110543771000
10110577145000
10110610509000
10110643878000
10110677249000
10110710610000
10110743974000
10110777374000
10110810707000
10110844074000
10110877447000
10110910810000
10110944176000
10110977565000
10111010902000
10111044283000
10111077662000
10111111010000
10111144373000
10111177764000
10111211112000
10111244484000
10111277870000
10111311211000
10111344572000
10111377975000
10111411312000
10111444672000
10111478060000
10111511411000
10111544771000
10111578183000
10111611508000
10111644871000
10111678275000
10111711605000
10111744972000
10111778392000
10111811706000
10111845070000
10111878471000
10111911804000
10111945169000
10111978556000
10112011906000
10112045280000
10112078654000
10112112005000
10112145374000
10112178767000
10112212109000
10112245473000
10112278847000
10112312207000
10112345573000
10112378967000
10112412307000
10112445675000
10112479064000
10112512404000
10112545774000
10112579149000
10112612508000
10112645880000
10112679258000
10112712603000
10112745977000
10112779372000
10112812717000
10112846076000
10112879447000
10112912810000
10112946174000
10112979547000
10113012908000
10113046309000
10113079655000
10113113007000
10113146377000
10113179744000
10113213105000
10113246480000
10113279843000
10113313211000
10113346587000
10113379948000
10113413305000
10113446677000
10113480042000
10113513412000
10113546780000
10113580148000
10113613505000
10113646896000
10113680245000
10113713604000
10113746980000
10113780352000
10113813704000
10113847099000
10113880445000
10113913839000
10113947202000
10113980545000
10114013904000
10114047314000
10114080642000
10114114006000
10114147392000
10114180747000
10114214104000
10114247477000
10114280846000
10114314207000
10114347582000
10114380970000
10114414310000
10114447678000
10114481055000
10114514406000
10114547776000
10114581147000
10114614505000
10114647876000
10114681243000
10114714608000
10114747979000
10114781380000
10114814719000
10114848076000
10114881450000
10114914805000
10114948172000
10114981539000
10115014904000
10115048301000
10115081648000
10115115005000
10115148378000
10115181741000
10115215110000
10115248480000
10115281846000
10115315210000
10115348584000
10115381952000
10115415308000
10115448675000
10115482038000
10115515405000
10115548773000
10115582139000
10115615502000
10115648873000
10115682264000
10115715629000
10115748975000
10115782350000
10115815706000
10115849071000
10115882438000
10115915803000
10115949175000
10115982563000
10116015903000
10116049288000
10116082643000
10116116010000
10116149380000
10116182740000
10116216112000
10116249475000
10116282844000
10116316201000
10116349575000
10116382941000
10116416310000
10116449674000
10116483039000
10116516417000
10116549778000
10116583151000
10116616516000
10116649872000
10116683237000
10116716602000
10116749971000
10116783351000
10116816705000
10116850074000
10116883442000
10116916811000
10116950179000
10116983544000
10117016909000
10117050291000
10117083642000
10117117020000
10117150374000
10117183750000
10117217113000
10117250470000
10117283840000
10117317215000
10117350576000
10117383945000
10117417364000
10117450678000
10117484054000
10117517420000
10117550771000
10117584140000
10117617522000
10117650875000
10117684244000
10117717638000
10117750972000
10117784350000
10117817733000
10117851074000
10117884445000
10117917813000
10117951175000
10117984543000
10118017931000
10118051293000
10118084637000
10118118038000
10118151374000
10118184738000
10118218119000
10118251473000
10118284841000
10118318257000
10118351570000
10118384942000
10118418415000
10118451673000
10118485038000
10118518421000
10118551774000
10118585136000
10118618523000
10118651877000
10118685243000
10118718639000
10118751993000
10118785351000
10118818729000
10118852076000
10118885439000
10118918834000
10118952171000
10118985534000
10119018916000
10119052279000
10119085638000
10119119018000
10119152374000
10119185740000
10119219114000
10119252473000
10119285843000
10119319217000
10119352572000
10119385960000
10119419343000
10119452674000
10119486041000
10119519416000
10119552775000
10119586143000
10119619516000
10119652888000
10119686258000
10119719622000
10119752974000
10119786363000
10119819713000
10119853084000
10119886446000
10119919810000
10119953172000
10119986543000
10120019912000
10120053285000
10120086660000
10120120016000
10120153390000
10120186739000
10120220111000
10120253472000
10120286845000
10120320205000
10120353570000
10120386962000
10120420332000
10120453673000
10120487060000
10120520408000
10120553769000
10120587161000
10120620519000
10120653872000
10120687244000
10120720613000
10120753974000
10120787372000
10120820705000
10120854072000
10120887460000
10120920816000
10120954172000
10120987546000
10121020915000
10121054301000
10121087639000
10121121010000
10121154372000
10121187748000
10121221112000
10121254471000
10121287847000
10121321211000
10121354598000
10121387966000
10121421342000
10121454677000
10121488054000
10121521415000
10121554780000
10121588139000
10121621514000
10121654873000
10121688245000
10121721606000
10121754972000
10121788363000
10121821714000
10121855091000
10121888444000
10121921813000
10121955170000
10121988539000
10122021903000
10122055282000
10122088650000
10122122019000
10122155371000
10122188739000
10122222106000
10122255473000
10122288843000
10122322208000
10122355575000
10122388944000
10122422336000
10122455681000
10122489037000
10122522413000
10122555769000
10122589142000
10122622504000
10122655876000
10122689243000
10122722616000
10122755979000
10122789358000
10122822707000
10122856073000
10122889438000
10122922803000
10122956170000
10122989542000
10123022912000
10123056279000
10123089641000
10123123008000
10123156375000
10123189744000
10123223103000
10123256471000
10123289842000
10123323220000
10123356570000
10123389940000
10123423304000
10123456674000
10123490041000
10123523404000
10123556775000
10123590141000
10123623518000
10123656872000
10123690240000
10123723603000
10123756988000
10123790349000
10123823706000
10123857076000
10123890441000
10123923805000
10123957182000
10123990543000
10124023908000
10124057306000
10124090644000
10124124001000
10124157384000
10124190740000
10124224104000
10124257492000
10124290841000
10124324207000
10124357588000
10124390946000
10124424348000
10124457706000
10124491045000
10124524414000
10124557791000
10124591139000
10124624503000
10124657892000
10124691239000
10124724610000
10124758000000
10124791355000
10124824709000
10124858094000
10124891442000
10124924806000
10124958194000
10124991540000
10125024907000
10125058365000
10125091647000
10125125004000
10125158411000
10125191742000
10125225106000
10125258487000
10125291840000
10125325209000
10125358597000
10125391942000
10125425305000
10125458696000
10125492037000
10125525402000
10125558790000
10125592137000
10125625507000
10125658891000
10125692237000
10125725608000
10125758995000
10125792362000
10125825705000
10125859084000
10125892439000
10125925807000
10125959194000
10125992543000
10126025906000
10126059292000
10126092637000
10126126007000
10126159380000
10126192745000
10126226111000
10126259494000
10126292839000
10126326207000
10126359574000
10126392940000
10126426311000
10126459676000
10126493042000
10126526410000
10126559780000
10126593156000
10126626514000
10126659878000
10126693239000
10126726611000
10126759982000
10126793352000
10126826725000
10126860083000
10126893456000
10126926812000
10126960173000
10126993540000
10127026916000
10127060289000
10127093638000
10127127013000
10127160380000
10127193752000
10127227125000
10127260480000
10127293838000
10127327205000
10127360572000
10127393938000
10127427347000
10127460689000
10127494063000
10127527414000
10127560775000
10127594136000
10127627507000
10127660874000
10127694237000
10127727612000
10127760974000
10127794364000
10127827711000
10127861076000
10127894437000
10127927811000
10127961185000
10127994550000
10128027914000
10128061302000
10128094652000
10128128008000
10128161376000
10128194736000
10128228118000
10128261480000
10128294833000
10128328214000
10128361578000
10128394936000
10128428329000
10128461674000
10128495054000
10128528407000
10128561783000
10128595145000
10128628509000
10128661881000
10128695240000
10128728610000
10128761976000
10128795351000
10128828707000
10128862086000
10128895450000
10128928813000
10128962176000
10128995553000
10129028907000
10129062287000
10129095637000
10129129005000
10129162399000
10129195750000
10129229110000
10129262479000
10129295836000
10129329211000
10129362570000
10129395936000
10129429310000
10129462688000
10129496041000
10129529408000
10129562770000
10129596136000
10129629510000
10129662874000
10129696245000
10129729607000
10129762979000
10129796350000
10129829709000
10129863071000
10129896439000
10129929805000
10129963170000
10129996534000
10130029906000
10130063286000
10130096637000
10130130009000
10130163377000
10130196740000
10130230112000
10130263472000
10130296834000
10130330208000
10130363575000
10130396938000
10130430309000
10130463673000
10130497043000
10130530413000
10130563778000
10130597154000
10130630512000
10130663877000
10130697255000
10130730616000
10130763973000
10130797363000
10130830705000
10130864072000
10130897449000
10130930808000
10130964180000
10130997570000
10131030905000
10131064297000
10131097656000
10131131013000
10131164377000
10131197766000
10131231103000
10131264473000
10131297878000
10131331206000
10131364567000
10131397960000
10131431314000
10131464673000
10131498079000
10131531414000
10131564771000
10131598177000
10131631505000
10131664870000
10131698269000
10131731609000
10131764970000
10131798419000
10131831704000
10131865076000
10131898477000
10131931807000
10131965172000
10131998550000
10132031905000
10132065281000
10132098660000
10132132008000
10132165370000
10132198758000
10132232116000
10132265467000
10132298851000
10132332207000
10132365571000
10132398964000
10132432315000
10132465673000
10132499066000
10132532406000
10132565773000
10132599147000
10132632508000
10132665873000
10132699261000
10132732608000
10132765976000
10132799381000
10132832705000
10132866078000
10132899441000
10132932805000
10132966180000
10132999555000
10133032903000
10133066295000
10133099653000
10133133003000
10133166375000
10133199750000
10133233111000
10133266473000
10133299851000
10133333202000
10133366579000
10133399945000
10133433303000
10133466679000
10133500047000
10133533408000
10133566798000
10133600154000
10133633508000
10133666880000
10133700243000
10133733616000
10133766976000
10133800371000
10133833705000
10133867094000
10133900448000
10133933804000
10133967182000
10134000541000
10134033905000
10134067320000
10134100659000
10134134010000
10134167388000
10134200749000
10134234105000
10134267480000
10134300842000
10134334209000
10134367583000
10134400944000
10134434307000
10134467681000
10134501047000
10134534410000
10134567792000
10134601150000
10134634510000
10134667877000
10134701247000
10134734607000
10134767982000
10134801365000
10134834707000
10134868070000
10134901436000
10134934809000
10134968185000
10135001549000
10135034918000
10135068297000
10135101649000
10135135013000
10135168376000
10135201740000
10135235118000
10135268478000
10135301848000
10135335218000
10135368581000
10135401964000
10135435331000
10135468678000
10135502040000
10135535407000
10135568777000
10135602157000
10135635503000
10135668875000
10135702252000
10135735624000
10135768976000
10135802401000
10135835721000
10135869076000
10135902450000
10135935811000
10135969176000
10136002548000
10136035903000
10136069292000
10136102638000
10136136001000
10136169379000
10136202752000
10136236135000
10136269475000
10136302838000
10136336205000
10136369574000
10136402936000
10136436308000
10136469674000
10136503043000
10136536407000
10136569772000
10136603141000
10136636504000
10136669876000
10136703245000
10136736605000
10136769979000
10136803371000
10136836701000
10136870074000
10136903439000
10136936809000
10136970171000
10137003536000
10137036905000
10137070294000
10137103641000
10137137019000
10137170376000
10137203745000
10137237119000
10137270473000
10137303836000
10137337209000
10137370575000
10137403943000
10137437350000
10137470670000
10137504038000
10137537422000
10137570789000
10137604141000
10137637514000
10137670886000
10137704250000
10137737631000
10137770971000
10137804355000
10137837720000
10137871072000
10137904436000
10137937826000
10137971176000
10138004556000
10138037942000
10138071303000
10138104644000
10138138029000
10138171375000
10138204738000
10138238118000
10138271472000
10138304841000
10138338224000
10138371575000
10138404940000
10138438351000
10138471677000
10138505038000
10138538429000
10138571777000
10138605135000
10138638531000
10138671882000
10138705242000
10138738623000
10138771973000
10138805355000
10138838726000
10138872074000
10138905440000
10138938823000
10138972172000
10139005539000
10139038920000
10139072279000
10139105645000
10139139026000
10139172386000
10139205737000
10139239124000
10139272469000
10139305842000
10139339221000
10139372575000
10139405950000
10139439362000
10139472673000
10139506043000
10139539424000
10139572778000
10139606144000
10139639514000
10139672873000
10139706245000
10139739618000
10139772970000
10139806371000
10139839716000
10139873070000
10139906441000
10139939809000
10139973171000
10140006544000
10140039917000
10140073293000
10140106643000
10140140011000
10140173374000
10140206748000
10140240110000
10140273477000
10140306856000
10140340221000
10140373571000
10140406943000
10140440307000
10140473670000
10140507047000
10140540403000
10140573772000
10140607169000
10140640522000
10140673888000
10140707247000
10140740608000
10140773972000
10140807352000
10140840704000
10140874071000
10140907446000
10140940809000
10140974170000
10141007540000
10141040904000
10141074305000
10141107645000
10141141007000
10141174378000
10141207748000
10141241109000
10141274471000
10141307841000
10141341206000
10141374574000
10141407942000
10141441305000
10141474671000
10141508045000
10141541424000
10141574775000
10141608142000
10141641510000
10141674876000
10141708236000
10141741607000
10141774969000
10141808361000
10141841710000
10141875078000
10141908443000
10141941809000
10141975173000
10142008553000
10142041913000
10142075286000
10142108645000
10142142013000
10142175387000
10142208741000
10142242104000
10142275472000
10142308843000
10142342213000
10142375583000
10142408943000
10142442343000
10142475672000
10142509040000
10142542408000
10142575769000
10142609147000
10142642507000
10142675871000
10142709243000
10142742608000
10142775980000
10142809358000
10142842706000
10142876073000
10142909446000
10142942816000
10142976175000
10143009542000
10143042909000
10143076285000
10143109640000
10143143010000
10143176368000
10143209742000
10143243114000
10143276475000
10143309841000
10143343206000
10143376570000
10143409943000
10143443305000
10143476666000
10143510046000
10143543408000
10143576782000
10143610145000
10143643503000
10143676877000
10143710244000
10143743604000
10143776991000
10143810355000
10143843717000
10143877081000
10143910437000
10143943805000
10143977180000
10144010542000
10144043903000
10144077306000
10144110640000
10144144013000
10144177390000
10144210737000
10144244109000
10144277484000
10144310837000
10144344202000
10144377584000
10144410939000
10144444306000
10144477699000
10144511039000
10144544403000
10144577790000
10144611137000
10144644507000
10144677892000
10144711241000
10144744606000
10144778010000
10144811351000
10144844703000
10144878092000
10144911437000
10144944803000
10144978195000
10145011540000
10145044905000
10145078348000
10145111638000
10145145005000
10145178386000
10145211739000
10145245105000
10145278484000
10145311838000
10145345203000
10145378597000
10145411939000
10145445304000
10145478684000
10145512042000
10145545411000
10145578789000
10145612141000
10145645504000
10145678890000
10145712249000
10145745602000
10145778986000
10145812353000
10145845704000
10145879087000
10145912442000
10145945809000
10145979201000
10146012540000
10146045927000
10146079295000
10146112641000
10146146008000
10146179400000
10146212739000
10146246111000
10146279494000
10146312837000
10146346211000
10146379579000
10146412941000
10146446325000
10146479690000
10146513042000
10146546426000
10146579784000
10146613134000
10146646512000
10146679881000
10146713243000
10146746640000
10146779986000
10146813351000
10146846715000
10146880082000
10146913440000
10146946812000
10146980170000
10147013538000
10147046933000
10147080295000
10147113636000
10147147012000
10147180379000
10147213740000
10147247128000
10147280476000
10147313840000
10147347229000
10147380584000
10147413937000
10147447331000
10147480671000
10147514038000
10147547410000
10147580769000
10147614141000
10147647543000
10147680879000
10147714245000
10147747608000
10147780974000
10147814354000
10147847708000
10147881071000
10147914437000
10147947812000
10147981186000
10148014561000
10148047906000
10148081305000
10148114645000
10148148010000
10148181375000
10148214739000
10148248113000
10148281479000
10148314838000
10148348203000
10148381572000
10148414937000
10148448313000
10148481671000
10148515035000
10148548409000
10148581784000
10148615171000
10148648509000
10148681874000
10148715241000
10148748604000
10148781974000
10148815344000
10148848713000
10148882078000
10148915434000
10148948808000
10148982173000
10149015539000
10149048912000
10149082311000
10149115646000
10149149010000
10149182374000
10149215738000
10149249106000
10149282472000
10149315837000
10149349214000
10149382581000
10149415938000
10149449328000
10149482688000
10149516043000
10149549408000
10149582771000
10149616133000
10149649511000
10149682883000
10149716236000
10149749610000
10149782975000
10149816352000
10149849708000
10149883074000
10149916436000
10149949809000
10149983176000
10150016535000
10150049912000
10150083281000
10150116637000
10150150005000
10150183371000
10150216739000
10150250111000
10150283484000
10150316838000
10150350204000
10150383577000
10150416940000
10150450310000
10150483670000
10150517041000
10150550409000
10150583776000
10150617142000
10150650506000
10150683874000
10150717259000
10150750608000
10150783977000
10150817372000
10150850706000
10150884081000
10150917450000
10150950805000
10150984172000
10151017556000
10151050910000
10151084291000
10151117653000
10151151005000
10151184389000
10151217754000
10151251106000
10151284487000
10151317859000
10151351204000
10151384570000
10151417956000
10151451309000
10151484668000
10151518072000
10151551405000
10151584773000
10151618170000
10151651513000
10151684875000
10151718273000
10151751612000
10151784975000
10151818377000
10151851703000
10151885068000
10151918452000
10151951806000
10151985177000
10152018552000
10152051909000
10152085305000
10152118657000
10152152003000
10152185368000
10152218751000
10152252105000
10152285469000
10152318850000
10152352205000
10152385570000
10152418959000
10152452306000
10152485675000
10152519047000
10152552413000
10152585779000
10152619149000
10152652509000
10152685875000
10152719253000
10152752606000
10152785994000
10152819358000
10152852708000
10152886082000
10152919459000
10152952814000
10152986180000
10153019553000
10153052920000
10153086304000
10153119652000
10153153006000
10153186389000
10153219749000
10153253121000
10153286481000
10153319850000
10153353205000
10153386574000
10153419939000
10153453312000
10153486695000
10153520047000
10153553412000
10153586795000
10153620148000
10153653517000
10153686878000
10153720241000
10153753605000
10153786996000
10153820364000
10153853706000
10153887081000
10153920446000
10153953817000
10153987191000
10154020543000
10154053903000
10154087350000
10154120643000
10154154001000
10154187390000
10154220739000
10154254106000
10154287478000
10154320841000
10154354209000
10154387581000
10154420949000
10154454302000
10154487676000
10154521038000
10154554404000
10154587779000
10154621140000
10154654505000
10154687881000
10154721246000
10154754617000
10154787978000
10154821356000
10154854705000
10154888074000
10154921439000
10154954804000
10154988177000
10155021548000
10155054907000
10155088295000
10155121639000
10155155011000
10155188380000
10155221739000
10155255117000
10155288477000
10155321855000
10155355205000
10155388580000
10155421938000
10155455306000
10155488676000
10155522048000
10155555405000
10155588776000
10155622148000
10155655505000
10155688886000
10155722242000
10155755607000
10155788976000
10155822351000
10155855702000
10155889081000
10155922444000
10155955802000
10155989188000
10156022538000
10156055903000
10156089292000
10156122664000
10156156003000
10156189376000
10156222751000
10156256110000
10156289471000
10156322837000
10156356207000
10156389572000
10156422940000
10156456305000
10156489679000
10156523052000
10156556404000
10156589773000
10156623136000
10156656507000
10156689879000
10156723250000
10156756602000
10156789976000
10156823356000
10156856704000
10156890076000
10156923447000
10156956810000
10156990176000
10157023556000
10157056904000
10157090291000
10157123647000
10157157012000
10157190370000
10157223739000
10157257120000
10157290477000
10157323855000
10157357213000
10157390573000
10157423940000
10157457340000
10157490674000
10157524036000
10157557415000
10157590769000
10157624137000
10157657522000
10157690870000
10157724240000
10157757637000
10157790976000
10157824356000
10157857729000
10157891074000
10157924439000
10157957838000
10157991172000
10158024536000
10158057924000
10158091295000
10158124637000
10158158022000
10158191377000
10158224747000
10158258127000
10158291475000
10158324843000
10158358228000
10158391578000
10158424935000
10158458352000
10158491671000
10158525036000
10158558442000
10158591774000
10158625137000
10158658516000
10158691881000
10158725243000
10158758618000
10158791977000
10158825350000
10158858729000
10158892077000
10158925436000
10158958812000
10158992168000
10159025534000
10159058927000
10159092291000
10159125640000
10159159029000
10159192371000
10159225738000
10159259117000
10159292474000
10159325840000
10159359213000
10159392570000
10159425961000
10159459358000
10159492674000
10159526043000
10159559414000
10159592770000
10159626146000
10159659511000
10159692875000
10159726245000
10159759614000
10159792969000
10159826356000
10159859705000
10159893068000
10159926447000
10159959818000
10159993175000
10160026541000
10160059920000
10160093311000
10160126643000
10160160013000
10160193373000
10160226765000
10160260109000
10160293473000
10160326851000
10160360213000
10160393590000
10160426949000
10160460320000
10160493676000
10160527063000
10160560413000
10160593781000
10160627173000
10160660515000
10160693880000
10160727247000
10160760605000
10160793971000
10160827379000
10160860718000
10160894095000
10160927459000
10160960809000
10160994170000
10161027542000
10161060904000
10161094289000
10161127647000
10161161020000
10161194375000
10161227744000
10161261111000
10161294474000
10161327847000
10161361206000
10161394574000
10161427943000
10161461311000
10161494679000
10161528042000
10161561402000
10161594771000
10161628146000
10161661509000
10161694875000
10161728248000
10161761616000
10161794972000
10161828362000
10161861702000
10161895072000
10161928441000
10161961804000
10161995173000
10162028537000
10162061917000
10162095294000
10162128661000
10162162003000
10162195378000
10162228743000
10162262106000
10162295471000
10162328845000
10162362208000
10162395571000
10162428942000
10162462304000
10162495673000
10162529046000
10162562409000
10162595771000
10162629154000
10162662518000
10162695872000
10162729241000
10162762606000
10162795970000
10162829353000
10162862709000
10162896067000
10162929437000
10162962823000
10162996174000
10163029542000
10163062904000
10163096278000
10163129643000
10163163020000
10163196369000
10163229743000
10163263107000
10163296479000
10163329839000
10163363204000
10163396570000
10163429942000
10163463365000
10163496673000
10163530044000
10163563414000
10163596773000
10163630140000
10163663504000
10163696870000
10163730239000
10163763605000
10163796992000
10163830349000
10163863710000
10163897080000
10163930444000
10163963805000
10163997179000
10164030539000
10164063906000
10164097309000
10164130643000
10164164005000
10164197399000
10164230743000
10164264102000
10164297481000
10164330847000
10164364214000
10164397589000
10164430943000
10164464304000
10164497699000
10164531036000
10164564404000
10164597805000
10164631139000
10164664503000
10164697907000
10164731243000
10164764610000
10164798000000
10164831360000
10164864703000
10164898101000
10164931442000
10164964804000
10164998216000
10165031541000
10165064906000
10165098301000
10165131643000
10165165001000
