10000000000000
10000033376000
10000066734000
10000100145000
10000133479000
10000166866000
10000200214000
10000233576000
10000266942000
10000300333000
10000333671000
10000367043000
10000400417000
10000433772000
10000467137000
10000500517000
10000533874000
10000567298000
10000600619000
10000633975000
10000667392000
10000700718000
10000734070000
10000767450000
10000800808000
10000834178000
10000867564000
10000900917000
10000934289000
10000967653000
10001001014000
10001034372000
10001067745000
10001101109000
10001134484000
10001167866000
10001201214000
10001234572000
10001267958000
10001301340000
10001334689000
10001368056000
10001401412000
10001434771000
10001468158000
10001501526000
10001534882000
10001568292000
10001601621000
10001634973000
10001668358000
10001701705000
10001735072000
10001768446000
10001801810000
10001835170000
10001868553000
10001901908000
10001935287000
10001968641000
10002002008000
10002035372000
10002068757000
10002102110000
10002135469000
10002168849000
10002202207000
10002235573000
10002268940000
10002302306000
10002335672000
10002369073000
10002402414000
10002435775000
10002469146000
10002502507000
10002535871000
10002569283000
10002602619000
10002635971000
10002669360000
10002702712000
10002736073000
10002769442000
10002802805000
10002836173000
10002869555000
10002902907000
10002936301000
10002969648000
10003003024000
10003036375000
10003069741000
10003103110000
10003136472000
10003169842000
10003203206000
10003236580000
10003269951000
10003303317000
10003336679000
10003370038000
10003403408000
10003436769000
10003470140000
10003503505000
10003536869000
10003570245000
10003603618000
10003636996000
10003670356000
10003703706000
10003737071000
10003770446000
10003803825000
10003837172000
10003870545000
10003903910000
10003937287000
10003970642000
10004004005000
10004037379000
10004070739000
10004104116000
10004137491000
10004170846000
10004204221000
10004237584000
10004270943000
10004304307000
10004337668000
10004371040000
10004404412000
10004437772000
10004471143000
10004504532000
10004537890000
10004571243000
10004604602000
10004637980000
10004671357000
10004704711000
10004738081000
10004771439000
10004804809000
10004838185000
10004871537000
10004904904000
10004938309000
10004971649000
10005005014000
10005038402000
10005071740000
10005105103000
10005138502000
10005171838000
10005205207000
10005238588000
10005271943000
10005305306000
10005338715000
10005372038000
10005405409000
10005438809000
10005472141000
10005505506000
10005538903000
10005572239000
10005605604000
10005639021000
10005672347000
10005705703000
10005739102000
10005772440000
10005805807000
10005839191000
10005872540000
10005905922000
10005939341000
10005972637000
10006006005000
10006039396000
10006072736000
10006106103000
10006139479000
10006172838000
10006206204000
10006239591000
10006272950000
10006306310000
10006339693000
10006373044000
10006406417000
10006439785000
10006473151000
10006506506000
10006539897000
10006573240000
10006606608000
10006639985000
10006673357000
10006706708000
10006740087000
10006773446000
10006806811000
10006840194000
10006873541000
10006906911000
10006940295000
10006973635000
10007007005000
10007040380000
10007073745000
10007107109000
10007140492000
10007173836000
10007207209000
10007240581000
10007273940000
10007307310000
10007340676000
10007374039000
10007407421000
10007440785000
10007474139000
10007507513000
10007540877000
10007574241000
10007607629000
10007640982000
10007674373000
10007707740000
10007741088000
10007774449000
10007807824000
10007841171000
10007874537000
10007907922000
10007941297000
10007974644000
10008008015000
10008041391000
10008074740000
10008108114000
10008141478000
10008174836000
10008208266000
10008241576000
10008274939000
10008308343000
10008341682000
10008375043000
10008408421000
10008441782000
10008475139000
10008508517000
10008541890000
10008575260000
10008608610000
10008641977000
10008675354000
10008708708000
10008742070000
10008775436000
10008808808000
10008842180000
10008875562000
10008908909000
10008942282000
10008975636000
10009009006000
10009042373000
10009075741000
10009109106000
10009142480000
10009175843000
10009209210000
10009242571000
10009275943000
10009309313000
10009342679000
10009376037000
10009409416000
10009442774000
10009476136000
10009509509000
10009542878000
10009576242000
10009609612000
10009642984000
10009676371000
10009709709000
10009743084000
10009776448000
10009809809000
10009843172000
10009876537000
10009909906000
10009943286000
10009976637000
10010010011000
10010043377000
10010076738000
10010110102000
10010143467000
10010176839000
10010210208000
10010243573000
10010276939000
10010310312000
10010343683000
10010377036000
10010410410000
10010443772000
10010477136000
10010510509000
10010543877000
10010577238000
10010610610000
10010643981000
10010677355000
10010710714000
10010744068000
10010777437000
10010810809000
10010844174000
10010877537000
10010910906000
10010944289000
10010977637000
10011011006000
10011044368000
10011077748000
10011111109000
10011144475000
10011177839000
10011211209000
10011244575000
10011277950000
10011311306000
10011344670000
10011378044000
10011411406000
10011444786000
10011478157000
10011511510000
10011544872000
10011578263000
10011611608000
10011644967000
10011678372000
10011711708000
10011745071000
10011778457000
10011811809000
10011845173000
10011878561000
10011911909000
10011945291000
10011978660000
10012012010000
10012045377000
10012078778000
10012112107000
10012145470000
10012178866000
10012212203000
10012245570000
10012278963000
10012312317000
10012345674000
10012379067000
10012412411000
10012445785000
10012479168000
10012512508000
10012545874000
10012579274000
10012612605000
10012645973000
10012679417000
10012712704000
10012746072000
10012779449000
10012812812000
10012846175000
10012879551000
10012912910000
10012946289000
10012979657000
10013013007000
10013046370000
10013079753000
10013113106000
10013146469000
10013179848000
10013213210000
10013246570000
10013279958000
10013313307000
10013346672000
10013380055000
10013413407000
10013446769000
10013480151000
10013513518000
10013546878000
10013580267000
10013613607000
10013646975000
10013680369000
10013713707000
10013747088000
10013780445000
10013813806000
10013847192000
10013880544000
10013913902000
10013947296000
10013980643000
10014014008000
10014047385000
10014080742000
10014114111000
10014147504000
10014180854000
10014214210000
10014247578000
10014280941000
10014314304000
10014347676000
10014381042000
10014414402000
10014447786000
10014481151000
10014514508000
10014547880000
10014581278000
10014614608000
10014647979000
10014681369000
10014714718000
10014748093000
10014781443000
10014814805000
10014848171000
10014881541000
10014914904000
10014948319000
10014981649000
10015015013000
10015048382000
10015081748000
10015115109000
10015148474000
10015181842000
10015215209000
10015248576000
10015281944000
10015315304000
10015348679000
10015382044000
10015415405000
10015448774000
10015482144000
10015515515000
10015548883000
10015582249000
10015615604000
10015648977000
10015682358000
10015715704000
10015749073000
10015782437000
10015815807000
10015849179000
10015882543000
10015915905000
10015949306000
10015982642000
10016016003000
10016049375000
10016082741000
10016116103000
10016149477000
10016182848000
10016216205000
10016249572000
10016282939000
10016316315000
10016349676000
10016383038000
10016416406000
10016449775000
10016483156000
10016516507000
10016549875000
10016583240000
10016616602000
10016649971000
10016683350000
10016716703000
10016750077000
10016783444000
10016816808000
10016850192000
10016883539000
10016916904000
10016950290000
10016983640000
10017017008000
10017050374000
10017083740000
10017117103000
10017150468000
10017183860000
10017217215000
10017250575000
10017283941000
10017317308000
10017350682000
10017384044000
10017417407000
10017450773000
10017484139000
10017517508000
10017550872000
10017584240000
10017617603000
10017650976000
10017684387000
10017717711000
10017751071000
10017784439000
10017817812000
10017851173000
10017884539000
10017917921000
10017951291000
10017984644000
10018018008000
10018051376000
10018084742000
10018118113000
10018151479000
10018184851000
10018218213000
10018251574000
10018284942000
10018318354000
10018351675000
10018385036000
10018418418000
10018451773000
10018485149000
10018518544000
10018551874000
10018585240000
10018618632000
10018651971000
10018685346000
10018718739000
10018752077000
10018785438000
10018818835000
10018852171000
10018885542000
10018918927000
10018952290000
10018985641000
10019019021000
10019052374000
10019085741000
10019119140000
10019152470000
10019185843000
10019219243000
10019252573000
10019285937000
10019319345000
10019352673000
10019386039000
10019419445000
10019452777000
10019486141000
10019519523000
10019552874000
10019586238000
10019619614000
10019652975000
10019686360000
10019719729000
10019753072000
10019786438000
10019819822000
10019853176000
10019886544000
10019919921000
10019953294000
10019986641000
10020020030000
10020053373000
10020086739000
10020120119000
10020153472000
10020186846000
10020220216000
10020253576000
10020286946000
10020320358000
10020353679000
10020387040000
10020420414000
10020453769000
10020487144000
10020520510000
10020553873000
10020587247000
10020620610000
10020653987000
10020687377000
10020720712000
10020754073000
10020787447000
10020820809000
10020854173000
10020887552000
10020920914000
10020954297000
10020987642000
10021021007000
10021054373000
10021087744000
10021121107000
10021154476000
10021187861000
10021221210000
10021254571000
10021287947000
10021321308000
10021354668000
10021388052000
10021421405000
10021454771000
10021488162000
10021521526000
10021554893000
10021588245000
10021621604000
10021654973000
10021688367000
10021721720000
10021755082000
10021788456000
10021821815000
10021855177000
10021888545000
10021921903000
10021955287000
10021988650000
10022022008000
10022055390000
10022088745000
10022122117000
10022155488000
10022188844000
10022222201000
10022255570000
10022288943000
10022322333000
10022355671000
10022389045000
10022422414000
10022455771000
10022489143000
10022522510000
10022555874000
10022589241000
10022622616000
10022655988000
10022689350000
10022722716000
10022756071000
10022789455000
10022822805000
10022856169000
10022889544000
10022922920000
10022956297000
10022989642000
10023023007000
10023056370000
10023089742000
10023123105000
10023156470000
10023189842000
10023223205000
10023256569000
10023289938000
10023323310000
10023356671000
10023390045000
10023423405000
10023456770000
10023490140000
10023523517000
10023556877000
10023590243000
10023623606000
10023656972000
10023690350000
10023723707000
10023757070000
10023790440000
10023823810000
10023857173000
10023890540000
10023923902000
10023957288000
10023990641000
10024024003000
10024057373000
10024090743000
10024124111000
10024157489000
10024190840000
10024224202000
10024257571000
10024290940000
10024324309000
10024357671000
10024391037000
10024424410000
10024457772000
10024491141000
10024524506000
10024557890000
10024591243000
10024624609000
10024657982000
10024691354000
10024724710000
10024758078000
10024791439000
10024824806000
10024858179000
10024891540000
10024924907000
10024958305000
10024991640000
10025025011000
10025058406000
10025091742000
10025125106000
10025158495000
10025191842000
10025225207000
10025258595000
10025291941000
10025325306000
10025358697000
10025392038000
10025425406000
10025458783000
10025492140000
10025525508000
10025558928000
10025592244000
10025625605000
10025659011000
10025692356000
10025725706000
10025759088000
10025792439000
10025825809000
10025859203000
10025892541000
10025925909000
10025959365000
10025992639000
10026026006000
10026059390000
10026092740000
10026126106000
10026159502000
10026192836000
10026226201000
10026259591000
10026292952000
10026326311000
10026359684000
10026393037000
10026426404000
10026459798000
10026493149000
10026526502000
10026559897000
10026593244000
10026626607000
10026659985000
10026693356000
10026726703000
10026760092000
10026793438000
10026826820000
10026860193000
10026893537000
10026926908000
10026960300000
10026993639000
10027027010000
10027060404000
10027093752000
10027127115000
10027160481000
10027193834000
10027227212000
10027260584000
10027293945000
10027327338000
10027360685000
10027394054000
10027427424000
10027460777000
10027494138000
10027527509000
10027560883000
10027594249000
10027627612000
10027660981000
10027694352000
10027727713000
10027761081000
10027794442000
10027827815000
10027861174000
10027894540000
10027927925000
10027961310000
10027994634000
10028028012000
10028061371000
10028094739000
10028128113000
10028161472000
10028194841000
10028228233000
10028261583000
10028294953000
10028328321000
10028361670000
10028395039000
10028428409000
10028461772000
10028495138000
10028528512000
10028561884000
10028595264000
10028628609000
10028661980000
10028695350000
10028728712000
10028762081000
10028795442000
10028828809000
10028862185000
10028895544000
10028928905000
10028962282000
10028995638000
10029029011000
10029062391000
10029095744000
10029129114000
10029162480000
10029195855000
10029229205000
10029262570000
10029295934000
10029329314000
10029362687000
10029396041000
10029429408000
10029462784000
10029496160000
10029529505000
10029562871000
10029596240000
10029629610000
10029662980000
10029696378000
10029729707000
10029763075000
10029796436000
10029829807000
10029863172000
10029896542000
10029929908000
10029963298000
10029996638000
10030030007000
10030063371000
10030096739000
10030130104000
10030163471000
10030196836000
10030230209000
10030263572000
10030296939000
10030330312000
10030363670000
10030397036000
10030430410000
10030463770000
10030497137000
10030530512000
10030563875000
10030597245000
10030630610000
10030663974000
10030697355000
10030730709000
10030764071000
10030797440000
10030830813000
10030864179000
10030897536000
10030930905000
10030964279000
10030997638000
10031031003000
10031064371000
10031097742000
10031131104000
10031164473000
10031197844000
10031231207000
10031264568000
10031297943000
10031331311000
10031364671000
10031398043000
10031431408000
10031464774000
10031498146000
10031531504000
10031564869000
10031598259000
10031631635000
10031664992000
10031698367000
10031731705000
10031765076000
10031798469000
10031831805000
10031865170000
10031898560000
10031931908000
10031965295000
10031998661000
10032032007000
10032065376000
10032098786000
10032132112000
10032165475000
10032198853000
10032232201000
10032265570000
10032298964000
10032332321000
10032365669000
10032399088000
10032432404000
10032465767000
10032499180000
10032532510000
10032565872000
10032599275000
10032632613000
10032665988000
10032699396000
10032732707000
10032766070000
10032799461000
10032832804000
10032866166000
10032899557000
10032932905000
10032966307000
10032999658000
10033033004000
10033066372000
10033099757000
10033133103000
10033166471000
10033199863000
10033233206000
10033266572000
10033299958000
10033333306000
10033366682000
10033400070000
10033433410000
10033466776000
10033500158000
10033533505000
10033566888000
10033600257000
10033633602000
10033666971000
10033700366000
10033733705000
10033767076000
10033800451000
10033833807000
10033867177000
10033900543000
10033933904000
10033967310000
10034000639000
10034034010000
10034067376000
10034100750000
10034134107000
10034167481000
10034200847000
10034234208000
10034267597000
10034300950000
10034334310000
10034367701000
10034401045000
10034434408000
10034467775000
10034501142000
10034534504000
10034567894000
10034601248000
10034634606000
10034668011000
10034701369000
10034734704000
10034768093000
10034801444000
10034834802000
10034868189000
10034901550000
10034934904000
10034968318000
10035001648000
10035035019000
10035068377000
10035101743000
10035135106000
10035168492000
10035201842000
10035235205000
10035268579000
10035301943000
10035335302000
10035368676000
10035402037000
10035435404000
10035468778000
10035502140000
10035535505000
10035568878000
10035602245000
10035635608000
10035668993000
10035702360000
10035735705000
10035769080000
10035802441000
10035835807000
10035869177000
10035902546000
10035935903000
10035969312000
10036002640000
10036036007000
10036069384000
10036102748000
10036136103000
10036169484000
10036202846000
10036236204000
10036269572000
10036302937000
10036336309000
10036369678000
10036403040000
10036436418000
10036469776000
10036503185000
10036536520000
10036569874000
10036603238000
10036636608000
10036669980000
10036703373000
10036736705000
10036770073000
10036803449000
10036836809000
10036870175000
10036903540000
10036936907000
10036970295000
10037003649000
10037037013000
10037070375000
10037103740000
10037137107000
10037170476000
10037203851000
10037237208000
10037270576000
10037303958000
10037337310000
10037370674000
10037404038000
10037437406000
10037470771000
10037504136000
10037537504000
10037570881000
10037604254000
10037637617000
10037670974000
10037704347000
10037737714000
10037771072000
10037804437000
10037837805000
10037871170000
10037904548000
10037937927000
10037971294000
10038004641000
10038038017000
10038071375000
10038104737000
10038138113000
10038171482000
10038204865000
10038238223000
10038271572000
10038304937000
10038338349000
10038371670000
10038405035000
10038438418000
10038471774000
10038505138000
10038538530000
10038571874000
10038605242000
10038638627000
10038671980000
10038705349000
10038738738000
10038772072000
10038805437000
10038838828000
10038872173000
10038905535000
10038938929000
10038972301000
10039005637000
10039039025000
10039072377000
10039105742000
10039139135000
10039172476000
10039205849000
10039239225000
10039272574000
10039305940000
10039339354000
10039372672000
10039406037000
10039439423000
10039472777000
10039506137000
10039539518000
10039572884000
10039606240000
10039639623000
10039672970000
10039706362000
10039739732000
10039773085000
10039806436000
10039839814000
10039873170000
10039906548000
10039939961000
10039973303000
10040006665000
10040040037000
10040073372000
10040106741000
10040140114000
10040173478000
10040206858000
10040240217000
10040273583000
10040306939000
10040340339000
10040373695000
10040407044000
10040440415000
10040473771000
10040507147000
10040540516000
10040573868000
10040607252000
10040640613000
10040673975000
10040707364000
10040740707000
10040774070000
10040807447000
10040840818000
10040874192000
10040907539000
10040940916000
10040974294000
10041007644000
10041041004000
10041074374000
10041107753000
10041141112000
10041174472000
10041207845000
10041241209000
10041274572000
10041307956000
10041341309000
10041374671000
10041408065000
10041441416000
10041474782000
10041508145000
10041541505000
10041574876000
10041608242000
10041641605000
10041674973000
10041708352000
10041741722000
10041775088000
10041808442000
10041841805000
10041875173000
10041908543000
10041941902000
10041975280000
10042008647000
10042042013000
10042075398000
10042108746000
10042142108000
10042175480000
10042208850000
10042242206000
10042275570000
10042308955000
10042342312000
10042375678000
10042409046000
10042442404000
10042475770000
10042509143000
10042542503000
10042575875000
10042609245000
10042642618000
10042675991000
10042709351000
10042742706000
10042776071000
10042809443000
10042842824000
10042876188000
10042909541000
10042942918000
10042976299000
10043009640000
10043043004000
10043076374000
10043109743000
10043143121000
10043176486000
10043209840000
10043243240000
10043276573000
10043309941000
10043343339000
10043376670000
10043410046000
10043443424000
10043476783000
10043510147000
10043543525000
10043576880000
10043610239000
10043643603000
10043676968000
10043710354000
10043743707000
10043777073000
10043810444000
10043843821000
10043877177000
10043910543000
10043943909000
10043977279000
10044010643000
10044044018000
10044077372000
10044110744000
10044144109000
10044177473000
10044210841000
10044244201000
10044277570000
10044310946000
10044344339000
10044377673000
10044411042000
10044444404000
10044477774000
10044511137000
10044544508000
10044577887000
10044611239000
10044644607000
10044677977000
10044711359000
10044744708000
10044778083000
10044811444000
10044844806000
10044878186000
10044911541000
10044944921000
10044978346000
10045011636000
10045045000000
10045078403000
10045111742000
10045145105000
10045178492000
10045211851000
10045245204000
10045278600000
10045311941000
10045345301000
10045378684000
10045412037000
10045445407000
10045478787000
10045512141000
10045545506000
10045578906000
10045612240000
10045645606000
10045679007000
10045712356000
10045745709000
10045779089000
10045812438000
10045845803000
10045879217000
10045912541000
10045945902000
10045979288000
10046012639000
10046046016000
10046079400000
10046112743000
10046146111000
10046179503000
10046212841000
10046246206000
10046279581000
10046312942000
10046346326000
10046379686000
10046413039000
10046446405000
10046479792000
10046513143000
10046546504000
10046579891000
10046613244000
10046646615000
10046680015000
10046713348000
10046746703000
10046780088000
10046813437000
10046846822000
10046880179000
10046913543000
10046946906000
10046980309000
10047013653000
10047047008000
10047080395000
10047113739000
10047147109000
10047180481000
10047213835000
10047247213000
10047280578000
10047313940000
10047347328000
10047380684000
10047414036000
10047447414000
10047480774000
10047514140000
10047547508000
10047580886000
10047614240000
10047647613000
10047680977000
10047714352000
10047747729000
10047781075000
10047814437000
10047847819000
10047881178000
10047914539000
10047947913000
10047981289000
10048014637000
10048048008000
10048081381000
10048114739000
10048148126000
10048181483000
10048214837000
10048248210000
10048281576000
10048314935000
10048348322000
10048381672000
10048415038000
10048448406000
10048481779000
10048515136000
10048548505000
10048581874000
10048615240000
10048648608000
10048681977000
10048715354000
10048748712000
10048782086000
10048815446000
10048848817000
10048882171000
10048915536000
10048948904000
10048982282000
10049015635000
10049049010000
10049082380000
10049115742000
10049149110000
10049182479000
10049215837000
10049249207000
10049282574000
10049315939000
10049349311000
10049382675000
10049416037000
10049449408000
10049482771000
10049516139000
10049549510000
10049582874000
10049616240000
10049649614000
10049682983000
10049716345000
10049749710000
10049783073000
10049816438000
10049849810000
10049883172000
10049916537000
10049949910000
10049983309000
10050016639000
10050050006000
10050083373000
10050116737000
10050150112000
10050183488000
10050216839000
10050250206000
10050283592000
10050316949000
10050350312000
10050383668000
10050417035000
10050450408000
10050483778000
10050517140000
10050550512000
10050583876000
10050617240000
10050650609000
10050683969000
10050717354000
10050750710000
10050784082000
10050817440000
10050850809000
10050884171000
10050917537000
10050950906000
10050984281000
10051017634000
10051051010000
10051084384000
10051117738000
10051151102000
10051184472000
10051217838000
10051251204000
10051284591000
10051317950000
10051351324000
10051384675000
10051418045000
10051451406000
10051484771000
10051518151000
10051551504000
10051584874000
10051618248000
10051651607000
10051684990000
10051718391000
10051751715000
10051785074000
10051818457000
10051851810000
10051885169000
10051918551000
10051951907000
10051985281000
10052018664000
10052052002000
10052085370000
10052118757000
10052152105000
10052185470000
10052218865000
10052252220000
10052285577000
10052318979000
10052352312000
10052385671000
10052419056000
10052452408000
10052485771000
10052519159000
10052552509000
10052585872000
10052619325000
10052652604000
10052685979000
10052719382000
10052752706000
10052786074000
10052819457000
10052852810000
10052886175000
10052919559000
10052952910000
10052986288000
10053019646000
10053053009000
10053086376000
10053119750000
10053153103000
10053186473000
10053219860000
10053253207000
10053286573000
10053319947000
10053353308000
10053386673000
10053420046000
10053453405000
10053486772000
10053520166000
10053553507000
10053586880000
10053620251000
10053653602000
10053686975000
10053720383000
10053753704000
10053787079000
10053820458000
10053853803000
10053887177000
10053920543000
10053953906000
10053987306000
10054020651000
10054054021000
10054087392000
10054120748000
10054154121000
10054187492000
10054220837000
10054254201000
10054287592000
10054320943000
10054354352000
10054387691000
10054421049000
10054454430000
10054487775000
10054521138000
10054554506000
10054587905000
10054621249000
10054654625000
10054687994000
10054721369000
10054754701000
10054788101000
10054821448000
10054854810000
10054888197000
10054921546000
10054954911000
10054988290000
10055021639000
10055055006000
10055088374000
10055121739000
10055155106000
10055188479000
10055221845000
10055255223000
10055288575000
10055321965000
10055355309000
10055388680000
10055422037000
10055455403000
10055488781000
10055522146000
10055555504000
10055588876000
10055622239000
10055655617000
10055688977000
10055722355000
10055755702000
10055789077000
10055822445000
10055855804000
10055889176000
10055922539000
10055955905000
10055989287000
10056022636000
10056056001000
10056089377000
10056122747000
10056156105000
10056189473000
10056222837000
10056256210000
10056289585000
10056322943000
10056356313000
10056389678000
10056423047000
10056456406000
10056489776000
10056523136000
10056556505000
10056589877000
10056623238000
10056656604000
10056689972000
10056723356000
10056756702000
10056790076000
10056823453000
10056856809000
10056890174000
10056923540000
10056956904000
10056990291000
10057023643000
10057057005000
10057090373000
10057123735000
10057157108000
10057190488000
10057223855000
10057257203000
10057290574000
10057323950000
10057357379000
10057390675000
10057424039000
10057457406000
10057490778000
10057524149000
10057557504000
10057590878000
10057624241000
10057657605000
10057690972000
10057724347000
10057757701000
10057791069000
10057824454000
10057857810000
10057891177000
10057924539000
10057957927000
10057991290000
10058024638000
10058058016000
10058091374000
10058124743000
10058158117000
10058191473000
10058224838000
10058258219000
10058291574000
10058324939000
10058358388000
10058391682000
10058425049000
10058458430000
10058491774000
10058525139000
10058558532000
10058591870000
10058625238000
10058658624000
10058691977000
10058725358000
10058758738000
10058792076000
10058825443000
10058858848000
10058892170000
10058925534000
10058958922000
10058992294000
10059025640000
10059059041000
10059092371000
10059125736000
10059159140000
10059192481000
10059225840000
10059259226000
10059292572000
10059325944000
10059359375000
10059392673000
10059426039000
10059459412000
10059492771000
10059526137000
10059559517000
10059592879000
10059626240000
10059659626000
10059692974000
10059726352000
10059759715000
10059793070000
10059826437000
10059859823000
10059893190000
10059926539000
10059959925000
10059993305000
10060026634000
10060060012000
10060093375000
10060126741000
10060160133000
10060193474000
10060226845000
10060260231000
10060293567000
10060326944000
10060360338000
10060393674000
10060427042000
10060460413000
10060493771000
10060527161000
10060560518000
10060593878000
10060627242000
10060660606000
10060693974000
10060727362000
10060760715000
10060794086000
10060827455000
10060860814000
10060894190000
10060927544000
10060960908000
10060994296000
10061027640000
10061061019000
10061094370000
10061127768000
10061161114000
10061194481000
10061227844000
10061261208000
10061294569000
10061327958000
10061361358000
10061394692000
10061428073000
10061461426000
10061494783000
10061528145000
10061561503000
10061594877000
10061628290000
10061661610000
10061694990000
10061728363000
10061761714000
10061795086000
10061828443000
10061861808000
10061895173000
10061928543000
10061961922000
10061995298000
10062028639000
10062062009000
10062095377000
10062128744000
10062162108000
10062195471000
10062228846000
10062262213000
10062295571000
10062328945000
10062362311000
10062395678000
10062429043000
10062462405000
10062495768000
10062529144000
10062562512000
10062595872000
10062629239000
10062662607000
10062695974000
10062729359000
10062762707000
10062796075000
10062829440000
10062862812000
10062896180000
10062929541000
10062962910000
10062996291000
10063029643000
10063063003000
10063096368000
10063129749000
10063163113000
10063196473000
10063229838000
10063263209000
10063296569000
10063329962000
10063363303000
10063396677000
10063430046000
10063463420000
10063496775000
10063530140000
10063563503000
10063596877000
10063630240000
10063663607000
10063696970000
10063730351000
10063763713000
10063797073000
10063830440000
10063863802000
10063897174000
10063930537000
10063963911000
10063997289000
10064030641000
10064064029000
10064097375000
10064130740000
10064164103000
10064197473000
10064230840000
10064264211000
10064297571000
10064330944000
10064364337000
10064397673000
10064431045000
10064464405000
10064497783000
10064531143000
10064564513000
10064597890000
10064631242000
10064664615000
10064697978000
10064731356000
10064764705000
10064798078000
10064831437000
10064864810000
10064898219000
10064931544000
10064964915000
10064998333000
10065031639000
10065065000000
10065098385000
10065131742000
10065165105000
10065198486000
10065231838000
10065265209000
10065298601000
10065331942000
10065365308000
10065398690000
10065432040000
10065465406000
10065498801000
10065532137000
10065565503000
10065598901000
10065632243000
10065665607000
10065698993000
10065732353000
10065765705000
10065799113000
10065832446000
10065865811000
10065899204000
10065932538000
10065965906000
10065999298000
10066032641000
10066066004000
10066099406000
10066132742000
10066166113000
10066199486000
10066232848000
10066266208000
10066299598000
10066332941000
10066366308000
10066399691000
10066433037000
10066466403000
10066499779000
10066533142000
10066566504000
10066599893000
10066633269000
10066666609000
10066700000000
10066733364000
10066766709000
10066800084000
10066833440000
10066866805000
10066900199000
10066933551000
10066966908000
10067000334000
10067033639000
10067067009000
10067100378000
10067133740000
10067167119000
10067200484000
10067233840000
10067267221000
10067300585000
10067333955000
10067367314000
10067400673000
10067434038000
10067467415000
10067500795000
10067534140000
10067567526000
10067600883000
10067634238000
10067667624000
10067700975000
10067734346000
10067767734000
10067801081000
10067834439000
10067867821000
10067901180000
10067934545000
10067967911000
10068001330000
10068034635000
10068068024000
10068101383000
10068134738000
10068168127000
10068201477000
10068234837000
10068268207000
10068301574000
10068334938000
10068368349000
10068401681000
10068435038000
10068468433000
10068501781000
10068535137000
10068568509000
10068601872000
10068635237000
10068668615000
10068701976000
10068735355000
10068768712000
10068802077000
10068835442000
10068868809000
10068902192000
10068935547000
10068968926000
10069002289000
10069035651000
10069069012000
10069102374000
10069135737000
10069169109000
10069202473000
10069235841000
10069269209000
10069302584000
10069335949000
10069369313000
10069402672000
10069436037000
10069469409000
10069502772000
10069536138000
10069569509000
10069602874000
10069636239000
10069669608000
10069702995000
10069736351000
10069769716000
10069803083000
10069836440000
10069869810000
10069903181000
10069936538000
10069969911000
10070003298000
10070036639000
10070070010000
10070103372000
10070136746000
10070170114000
10070203490000
10070236843000
10070270207000
10070303569000
10070336938000
10070370309000
10070403668000
10070437041000
10070470414000
10070503775000
10070537137000
10070570505000
10070603871000
10070637242000
10070670606000
10070703971000
10070737353000
10070770708000
10070804084000
10070837436000
10070870808000
10070904167000
10070937538000
10070970918000
10071004293000
10071037640000
10071071007000
10071104386000
10071137740000
10071171104000
10071204469000
10071237839000
10071271206000
10071304575000
10071337943000
10071371311000
10071404677000
10071438046000
10071471408000
10071504769000
10071538151000
10071571506000
10071604882000
10071638251000
10071671604000
10071704973000
10071738383000
10071771706000
10071805070000
10071838457000
10071871811000
10071905180000
10071938574000
10071971911000
10072005290000
10072038665000
10072072005000
10072105368000
10072138757000
10072172103000
10072205470000
10072238866000
10072272207000
10072305572000
10072338973000
10072372306000
10072405670000
10072439058000
10072472407000
10072505773000
10072539173000
10072572504000
10072605871000
10072639314000
10072672603000
10072705970000
10072739368000
10072772711000
10072806074000
10072839462000
10072872813000
10072906171000
10072939553000
10072972908000
10073006288000
10073039647000
10073073005000
10073106368000
10073139760000
10073173110000
10073206473000
10073239853000
10073273203000
10073306571000
10073339947000
10073373308000
10073406672000
10073440055000
10073473402000
10073506772000
10073540150000
10073573505000
10073606882000
10073640251000
10073673622000
10073706985000
10073740409000
10073773703000
10073807073000
10073840442000
10073873802000
10073907174000
10073940542000
10073973911000
10074007309000
10074040647000
10074074024000
10074107394000
10074140747000
10074174108000
10074207483000
10074240842000
10074274205000
10074307579000
10074340947000
10074374302000
10074407679000
10074441042000
10074474407000
10074507777000
10074541145000
10074574506000
10074607889000
10074641250000
10074674620000
10074707981000
10074741355000
10074774705000
10074808094000
10074841444000
10074874823000
10074908193000
10074941546000
10074974905000
10075008307000
10075041639000
10075075008000
10075108404000
10075141753000
10075175114000
10075208497000
10075241843000
10075275213000
10075308573000
10075341937000
10075375309000
10075408671000
10075442059000
10075475432000
10075508781000
10075542143000
10075575519000
10075608872000
10075642239000
10075675605000
10075708979000
10075742376000
10075775704000
10075809093000
10075842453000
10075875820000
10075909176000
10075942542000
10075975907000
10076009310000
10076042646000
10076076006000
10076109372000
10076142741000
10076176110000
10076209475000
10076242837000
10076276205000
10076309576000
10076342966000
10076376334000
10076409676000
10076443040000
10076476406000
10076509773000
10076543135000
10076576503000
10076609876000
10076643245000
10076676609000
10076709974000
10076743355000
10076776704000
10076810076000
10076843442000
10076876802000
10076910179000
10076943542000
10076976905000
10077010313000
10077043635000
10077077005000
10077110385000
10077143744000
10077177105000
10077210472000
10077243853000
10077277205000
10077310576000
10077343939000
10077377304000
10077410675000
10077444038000
10077477401000
10077510773000
10077544140000
10077577511000
10077610876000
10077644265000
10077677603000
10077710972000
10077744350000
10077777710000
10077811075000
10077844444000
10077877804000
10077911169000
10077944537000
10077977922000
10078011294000
10078044660000
10078078013000
10078111374000
10078144747000
10078178115000
10078211476000
10078244840000
10078278216000
10078311573000
10078344942000
10078378339000
10078411674000
10078445060000
10078478435000
10078511773000
10078545135000
10078578538000
10078611877000
10078645247000
10078678627000
10078711975000
10078745354000
10078778737000
10078812071000
10078845435000
10078878831000
10078912175000
10078945540000
10078978953000
10079012311000
10079045642000
10079079038000
10079112375000
10079145739000
10079179128000
10079212469000
10079245838000
10079279238000
10079312577000
10079345938000
10079379379000
10079412673000
10079446039000
10079479422000
10079512772000
10079546137000
10079579517000
10079612869000
10079646244000
10079679628000
10079712972000
10079746353000
10079779720000
10079813078000
10079846446000
10079879835000
10079913176000
10079946537000
10079979921000
10080013287000
10080046634000
10080080016000
10080113373000
10080146740000
10080180127000
10080213486000
10080246850000
10080280212000
10080313578000
10080346938000
10080380326000
10080413675000
10080447045000
10080480422000
10080513771000
10080547138000
10080580509000
10080613877000
10080647245000
10080680614000
10080713975000
10080747366000
10080780729000
10080814070000
10080847441000
10080880809000
10080914173000
10080947545000
10080980907000
10081014304000
10081047667000
10081081015000
10081114378000
10081147739000
10081181111000
10081214471000
10081247842000
10081281202000
10081314574000
10081347962000
10081381330000
10081414670000
10081448044000
10081481406000
10081514772000
10081548158000
10081581508000
10081614875000
10081648283000
10081681615000
10081714972000
10081748368000
10081781705000
10081815070000
10081848445000
10081881814000
10081915171000
10081948560000
10081981915000
10082015320000
10082048645000
10082082006000
10082115369000
10082148743000
10082182117000
10082215471000
10082248844000
10082282216000
10082315578000
10082348939000
10082382317000
10082415673000
10082449045000
10082482415000
10082515780000
10082549142000
10082582513000
10082615871000
10082649243000
10082682604000
10082715972000
10082749350000
10082782713000
10082816069000
10082849445000
10082882815000
10082916173000
10082949538000
10082982901000
10083016299000
10083049645000
10083083017000
10083116371000
10083149738000
10083183106000
10083216475000
10083249843000
10083283208000
10083316573000
10083349958000
10083383345000
10083416682000
10083450044000
10083483409000
10083516771000
10083550140000
10083583506000
10083616872000
10083650243000
10083683618000
10083716996000
10083750373000
10083783709000
10083817075000
10083850440000
10083883803000
10083917173000
10083950542000
10083983906000
10084017277000
10084050639000
10084084002000
10084117388000
10084150742000
10084184107000
10084217475000
10084250841000
10084284206000
10084317571000
10084350936000
10084384312000
10084417671000
10084451044000
10084484412000
10084517769000
10084551143000
10084584513000
10084617880000
10084651241000
10084684611000
10084717980000
10084751348000
10084784708000
10084818079000
10084851444000
10084884815000
10084918183000
10084951537000
10084984902000
10085018304000
10085051645000
10085085021000
10085118394000
10085151739000
10085185113000
10085218500000
10085251837000
10085285209000
10085318597000
10085351940000
10085385308000
10085418700000
10085452046000
10085485409000
10085518800000
10085552139000
10085585502000
10085618895000
10085652237000
10085685609000
10085719024000
10085752351000
10085785706000
10085819113000
10085852437000
10085885803000
10085919195000
10085952541000
10085985905000
10086019357000
10086052642000
10086086008000
10086119421000
10086152751000
10086186103000
10086219485000
10086252837000
10086286205000
10086319592000
10086352948000
10086386314000
10086419692000
10086453043000
10086486403000
10086519782000
10086553141000
10086586505000
10086619893000
10086653260000
10086686605000
10086719992000
10086753357000
10086786708000
10086820088000
10086853449000
10086886810000
10086920201000
10086953536000
10086986907000
10087020296000
10087053640000
10087087017000
10087120374000
10087153739000
10087187117000
10087220497000
10087253835000
10087287214000
10087320581000
10087353943000
10087387336000
10087420675000
10087454042000
10087487415000
10087520782000
10087554156000
10087587512000
10087620879000
10087654241000
10087687623000
10087720975000
10087754356000
10087787722000
10087821085000
10087854437000
10087887815000
10087921174000
10087954539000
10087987913000
10088021286000
10088054642000
10088088021000
10088121383000
10088154753000
10088188118000
10088221474000
10088254837000
10088288213000
10088321573000
10088354941000
10088388340000
10088421682000
10088455036000
10088488410000
10088521769000
10088555140000
10088588511000
10088621876000
10088655239000
10088688613000
10088721984000
10088755346000
10088788711000
10088822072000
10088855438000
10088888807000
10088922188000
10088955543000
10088988914000
10089022294000
10089055638000
10089089011000
10089122373000
10089155744000
10089189111000
10089222479000
10089255835000
10089289212000
10089322581000
10089355950000
10089389310000
10089422673000
10089456040000
10089489410000
10089522784000
10089556145000
10089589508000
10089622880000
10089656241000
10089689607000
10089722973000
10089756350000
10089789704000
10089823082000
10089856438000
10089889812000
10089923186000
10089956547000
10089989909000
10090023289000
10090056640000
10090090008000
10090123382000
10090156740000
10090190106000
10090223472000
10090256837000
10090290209000
10090323573000
10090356940000
10090390316000
10090423676000
10090457041000
10090490406000
10090523771000
10090557143000
10090590507000
10090623874000
10090657237000
10090690612000
10090723983000
10090757358000
10090790708000
10090824071000
10090857440000
10090890805000
10090924172000
10090957535000
10090990909000
10091024298000
10091057638000
10091091010000
10091124381000
10091157740000
10091191115000
10091224479000
10091257842000
10091291208000
10091324578000
10091357950000
10091391307000
10091424670000
10091458041000
10091491408000
10091524769000
10091558149000
10091591507000
10091624883000
10091658266000
10091691605000
10091724968000
10091758361000
10091791705000
10091825070000
10091858457000
10091891807000
10091925172000
10091958565000
10091991902000
10092025301000
10092058667000
10092092023000
10092125386000
10092158761000
10092192101000
10092225477000
10092258864000
10092292201000
10092325568000
10092358959000
10092392319000
10092425669000
10092459060000
10092492415000
10092525773000
10092559172000
10092592508000
10092625870000
10092659257000
10092692604000
10092725970000
10092759424000
10092792705000
10092826076000
10092859458000
10092892812000
10092926171000
10092959545000
10092992912000
10093026298000
10093059654000
10093093016000
10093126371000
10093159765000
10093193104000
10093226472000
10093259853000
10093293204000
10093326573000
10093359963000
10093393310000
10093426677000
10093460075000
10093493406000
10093526771000
10093560148000
10093593503000
10093626881000
10093660258000
10093693619000
10093726972000
10093760381000
10093793704000
10093827082000
10093860449000
10093893811000
10093927180000
10093960550000
10093993917000
10094027302000
10094060640000
10094094010000
10094127381000
10094160763000
10094194117000
10094227485000
10094260853000
10094294231000
10094327575000
10094360940000
10094394309000
10094427674000
10094461035000
10094494404000
10094527779000
10094561147000
10094594505000
10094627878000
10094661246000
10094694613000
10094727979000
10094761350000
10094794709000
10094828095000
10094861446000
10094894825000
10094928179000
10094961535000
10094994906000
10095028302000
10095061654000
10095095007000
10095128385000
10095161745000
10095195103000
10095228473000
10095261837000
10095295207000
10095328574000
10095361937000
10095395305000
10095428677000
10095462052000
10095495413000
10095528788000
10095562140000
10095595504000
10095628878000
10095662242000
10095695603000
10095728980000
10095762364000
10095795706000
10095829079000
10095862437000
10095895806000
10095929175000
10095962547000
10095995932000
10096029306000
10096062644000
10096096010000
10096129376000
10096162745000
10096196104000
10096229475000
10096262848000
10096296218000
10096329577000
10096362946000
10096396366000
10096429672000
10096463040000
10096496407000
10096529776000
10096563156000
10096596522000
10096629876000
10096663244000
10096696608000
10096729974000
10096763357000
10096796701000
10096830077000
10096863456000
10096896819000
10096930180000
10096963550000
10096996902000
10097030295000
10097063637000
10097097003000
10097130377000
10097163745000
10097197103000
10097230477000
10097263849000
10097297204000
10097330573000
10097363937000
10097397304000
10097430676000
10097464050000
10097497409000
10097530771000
10097564136000
10097597509000
10097630877000
10097664236000
10097697604000
10097730989000
10097764388000
10097797702000
10097831073000
10097864437000
10097897810000
10097931177000
10097964544000
10097997912000
10098031298000
10098064639000
10098098009000
10098131373000
10098164739000
10098198120000
10098231473000
10098264837000
10098298213000
10098331574000
10098364944000
10098398352000
10098431668000
10098465040000
10098498426000
10098531774000
10098565150000
10098598528000
10098631881000
10098665243000
10098698640000
10098731980000
10098765357000
10098798720000
10098832075000
10098865437000
10098898823000
10098932176000
10098965535000
10098998936000
10099032305000
10099065638000
10099099020000
10099132378000
10099165744000
10099199120000
10099232474000
10099265837000
10099299240000
10099332572000
10099365936000
10099399353000
10099432674000
10099466037000
10099499461000
10099532778000
10099566142000
10099599528000
10099632874000
10099666239000
10099699619000
10099732973000
10099766351000
10099799726000
10099833073000
10099866437000
10099899833000
10099933173000
10099966537000
10099999929000
10100033296000
10100066649000
10100100034000
10100133374000
10100166737000
10100200127000
10100233471000
10100266846000
10100300215000
10100333574000
10100366943000
10100400348000
10100433674000
10100467047000
10100500420000
10100533767000
10100567142000
10100600508000
10100633871000
10100667278000
10100700615000
10100733971000
10100767378000
10100800716000
10100834071000
10100867461000
10100900807000
10100934170000
10100967550000
10101000924000
10101034289000
10101067642000
10101101007000
10101134370000
10101167747000
10101201115000
10101234476000
10101267854000
10101301213000
10101334572000
10101367944000
10101401312000
10101434670000
10101468049000
10101501403000
10101534770000
10101568168000
10101601510000
10101634881000
10101668243000
10101701606000
10101734974000
10101768381000
10101801713000
10101835070000
10101868446000
10101901816000
10101935168000
10101968538000
10102001906000
10102035291000
10102068656000
10102102012000
10102135373000
10102168752000
10102202108000
10102235473000
10102268850000
10102302207000
10102335573000
10102368956000
10102402312000
10102435673000
10102469048000
10102502420000
10102535793000
10102569145000
10102602520000
10102635876000
10102669282000
10102702607000
10102735973000
10102769354000
10102802710000
10102836069000
10102869442000
10102902801000
10102936168000
10102969544000
10103002921000
10103036317000
10103069642000
10103103017000
10103136379000
10103169742000
10103203110000
10103236500000
10103269838000
10103303221000
10103336579000
10103369946000
10103403360000
10103436679000
10103470041000
10103503407000
10103536770000
10103570142000
10103603516000
10103636874000
10103670243000
10103703618000
10103736970000
10103770358000
10103803703000
10103837069000
10103870443000
10103903821000
10103937169000
10103970538000
10104003920000
10104037298000
10104070645000
10104104007000
10104137373000
10104170737000
10104204105000
10104237476000
10104270839000
10104304216000
10104337576000
10104370945000
10104404306000
10104437675000
10104471042000
10104504423000
10104537782000
10104571139000
10104604506000
10104637883000
10104671237000
10104704605000
10104737983000
10104771365000
10104804716000
10104838085000
10104871437000
10104904804000
10104938180000
10104971539000
10105004903000
10105038289000
10105071636000
10105105010000
10105138395000
10105171744000
10105205106000
10105238496000
10105271851000
10105305208000
10105338594000
10105371940000
10105405334000
10105438702000
10105472035000
10105505402000
10105538784000
10105572145000
10105605505000
10105638921000
10105672242000
10105705607000
10105739014000
10105772354000
10105805704000
10105839089000
10105872438000
10105905803000
10105939188000
10105972536000
10106005909000
10106039365000
10106072641000
10106106004000
10106139393000
10106172737000
10106206109000
10106239504000
10106272844000
10106306209000
10106339593000
10106372946000
10106406304000
10106439680000
10106473038000
10106506409000
10106539786000
10106573141000
10106606504000
10106639904000
10106673237000
10106706604000
10106739998000
10106773349000
10106806707000
10106840095000
10106873438000
10106906815000
10106940199000
10106973544000
10107006904000
10107040302000
10107073636000
10107107010000
10107140405000
10107173741000
10107207111000
10107240484000
10107273839000
10107307213000
10107340578000
10107373941000
10107407329000
10107440685000
10107474049000
10107507412000
10107540780000
10107574154000
10107607527000
10107640874000
10107674239000
10107707627000
10107740977000
10107774363000
10107807730000
10107841083000
10107874455000
10107907810000
10107941179000
10107974541000
10108007936000
10108041294000
10108074639000
10108108009000
10108141378000
10108174740000
10108208116000
10108241480000
10108274853000
10108308226000
10108341582000
10108374947000
10108408308000
10108441671000
10108475039000
10108508407000
10108541769000
10108575139000
10108608512000
10108641876000
10108675241000
10108708609000
10108741994000
10108775362000
10108808715000
10108842070000
10108875439000
10108908813000
10108942180000
10108975545000
10109008904000
10109042283000
10109075639000
10109109010000
10109142376000
10109175744000
10109209110000
10109242486000
10109275847000
10109309208000
10109342571000
10109375938000
10109409309000
10109442673000
10109476040000
10109509412000
10109542788000
10109576143000
10109609513000
10109642871000
10109676238000
10109709607000
10109742971000
10109776345000
10109809710000
10109843070000
10109876438000
10109909805000
10109943165000
10109976538000
10110009910000
10110043310000
10110076639000
10110110011000
10110143387000
10110176743000
10110210109000
10110243477000
10110276848000
10110310212000
10110343581000
10110376941000
10110410312000
10110443693000
10110477057000
10110510411000
10110543773000
10110577136000
10110610510000
10110643881000
10110677244000
10110710608000
10110743972000
10110777354000
10110810705000
10110844077000
10110877438000
10110910810000
10110944174000
10110977538000
10111010903000
10111044278000
10111077640000
10111111008000
10111144369000
10111177739000
10111211107000
10111244480000
10111277841000
10111311214000
10111344573000
10111377956000
10111411309000
10111444670000
10111478051000
10111511409000
10111544775000
10111578160000
10111611507000
10111644872000
10111678265000
10111711604000
10111744994000
10111778374000
10111811708000
10111845086000
10111878465000
10111911803000
10111945173000
10111978553000
10112011909000
10112045280000
10112078651000
10112112005000
10112145375000
10112178791000
10112212113000
10112245480000
10112278860000
10112312210000
10112345571000
10112378959000
10112412325000
10112445678000
10112479076000
10112512407000
10112545770000
10112579169000
10112612506000
10112645873000
10112679257000
10112712603000
10112745971000
10112779424000
10112812702000
10112846069000
10112879450000
10112912806000
10112946171000
10112979552000
10113012905000
10113046295000
10113079660000
10113113009000
10113146378000
10113179750000
10113213107000
10113246473000
10113279857000
10113313210000
10113346571000
10113379960000
10113413305000
10113446672000
10113480049000
10113513413000
10113546774000
10113580156000
10113613510000
10113646872000
10113680263000
10113713605000
10113746973000
10113780357000
10113813705000
10113847076000
10113880451000
10113913813000
10113947179000
10113980552000
10114013906000
10114047300000
10114080644000
10114114009000
10114147398000
10114180752000
10114214105000
10114247489000
10114280858000
10114314210000
10114347574000
10114380944000
10114414307000
10114447685000
10114481058000
10114514405000
10114547805000
10114581150000
10114614504000
10114647879000
10114681242000
10114714604000
10114747990000
10114781365000
10114814706000
10114848093000
10114881459000
10114914808000
10114948174000
10114981548000
10115014902000
10115048336000
10115081646000
10115115008000
10115148374000
10115181739000
10115215105000
10115248474000
10115281846000
10115315208000
10115348579000
10115381951000
10115415306000
10115448673000
10115482041000
10115515403000
10115548771000
10115582140000
10115615502000
10115648881000
10115682255000
10115715623000
10115748977000
10115782356000
10115815705000
10115849086000
10115882436000
10115915807000
10115949177000
10115982549000
10116015910000
10116049292000
10116082648000
10116116009000
10116149375000
10116182741000
10116216104000
10116249477000
10116282851000
10116316219000
10116349573000
10116382936000
10116416310000
10116449673000
10116483039000
10116516407000
10116549791000
10116583163000
10116616504000
10116649874000
10116683238000
10116716608000
10116749976000
10116783346000
10116816704000
10116850077000
10116883442000
10116916804000
10116950172000
10116983536000
10117016907000
10117050297000
10117083649000
10117117006000
10117150377000
10117183747000
10117217102000
10117250475000
10117283837000
10117317208000
10117350584000
10117383939000
10117417307000
10117450679000
10117484075000
10117517421000
10117550773000
10117584137000
10117617505000
10117650874000
10117684249000
10117717608000
10117750974000
10117784351000
10117817710000
10117851075000
10117884442000
10117917804000
10117951177000
10117984550000
10118017925000
10118051288000
10118084638000
10118118016000
10118151373000
10118184741000
10118218116000
10118251473000
10118284840000
10118318227000
10118351579000
10118384941000
10118418346000
10118451673000
10118485042000
10118518422000
10118551774000
10118585143000
10118618528000
10118651875000
10118685239000
10118718634000
10118751976000
10118785349000
10118818713000
10118852095000
10118885440000
10118918835000
10118952175000
10118985538000
10119018927000
10119052289000
10119085639000
10119119025000
10119152377000
10119185740000
10119219144000
10119252478000
10119285852000
10119319229000
10119352578000
10119385938000
10119419349000
10119452674000
10119486037000
10119519449000
10119552772000
10119586141000
10119619518000
10119652875000
10119686258000
10119719620000
10119752974000
10119786349000
10119819725000
10119853073000
10119886435000
10119919812000
10119953173000
10119986536000
10120019921000
10120053298000
10120086638000
10120120025000
10120153380000
10120186742000
10120220120000
10120253471000
10120286847000
10120320229000
10120353572000
10120386941000
10120420349000
10120453678000
10120487041000
10120520415000
10120553772000
10120587147000
10120620511000
10120653870000
10120687278000
10120720616000
10120753981000
10120787363000
10120820708000
10120854070000
10120887455000
10120920814000
10120954196000
10120987559000
10121020922000
10121054301000
10121087645000
10121121004000
10121154377000
10121187751000
10121221114000
10121254470000
10121287858000
10121321216000
10121354594000
10121387946000
10121421329000
10121454672000
10121488063000
10121521413000
10121554786000
10121588167000
10121621512000
10121654888000
10121688246000
10121721603000
10121754973000
10121788371000
10121821712000
10121855094000
10121888462000
10121921816000
10121955188000
10121988539000
10122021906000
10122055279000
10122088646000
10122122015000
10122155386000
10122188743000
10122222107000
10122255491000
10122288840000
10122322203000
10122355575000
10122388952000
10122422325000
10122455682000
10122489038000
10122522405000
10122555771000
10122589147000
10122622506000
10122655874000
10122689243000
10122722616000
10122755995000
10122789363000
10122822707000
10122856075000
10122889442000
10122922814000
10122956168000
10122989546000
10123022907000
10123056310000
10123089648000
10123123009000
10123156377000
10123189740000
10123223104000
10123256470000
10123289844000
10123323211000
10123356587000
10123389940000
10123423302000
10123456669000
10123490041000
10123523410000
10123556779000
10123590144000
10123623524000
10123656882000
10123690241000
10123723604000
10123756973000
10123790351000
10123823703000
10123857075000
10123890441000
10123923817000
10123957170000
10123990542000
10124023905000
10124057282000
10124090642000
10124124020000
10124157382000
10124190741000
10124224102000
10124257485000
10124290836000
10124324205000
10124357570000
10124390944000
10124424345000
10124457671000
10124491054000
10124524411000
10124557770000
10124591139000
10124624506000
10124657890000
10124691241000
10124724607000
10124757976000
10124791350000
10124824705000
10124858081000
10124891441000
10124924811000
10124958192000
10124991542000
10125024910000
10125058294000
10125091642000
10125125012000
10125158398000
10125191743000
10125225106000
10125258486000
10125291841000
10125325209000
10125358606000
10125391965000
10125425310000
10125458708000
10125492038000
10125525403000
10125558790000
10125592143000
10125625505000
10125658902000
10125692237000
10125725607000
10125758995000
10125792352000
10125825707000
10125859089000
10125892445000
10125925811000
10125959207000
10125992544000
10126025903000
10126059314000
10126092639000
10126126006000
10126159384000
10126192742000
10126226115000
10126259499000
10126292839000
10126326206000
10126359586000
10126392945000
10126426310000
10126459684000
10126493038000
10126526407000
10126559792000
10126593142000
10126626508000
10126659884000
10126693240000
10126726607000
10126759982000
10126793352000
10126826707000
10126860100000
10126893439000
10126926820000
10126960176000
10126993538000
10127026905000
10127060297000
10127093640000
10127127014000
10127160403000
10127193747000
10127227112000
10127260475000
10127293837000
10127327208000
10127360579000
10127393948000
10127427358000
10127460677000
10127494057000
10127527416000
10127560776000
10127594144000
10127627511000
10127660877000
10127694240000
10127727616000
10127760988000
10127794352000
10127827707000
10127861073000
10127894439000
10127927814000
10127961183000
10127994557000
10128027912000
10128061312000
10128094636000
10128128008000
10128161378000
10128194739000
10128228130000
10128261475000
10128294839000
10128328277000
10128361583000
10128394960000
10128428336000
10128461676000
10128495040000
10128528413000
10128561774000
10128595147000
10128628510000
10128661876000
10128695242000
10128728609000
10128761974000
10128795352000
10128828710000
10128862089000
10128895455000
10128928812000
10128962187000
10128995541000
10129028907000
10129062297000
10129095638000
10129129009000
10129162381000
10129195747000
10129229109000
10129262471000
10129295838000
10129329210000
10129362575000
10129395940000
10129429332000
10129462680000
