10000000000000
10000033382000
10000066738000
10000100129000
10000133472000
10000166843000
10000200207000
10000233574000
10000266942000
10000300315000
10000333678000
10000367065000
10000400419000
10000433780000
10000467156000
10000500510000
10000533870000
10000567298000
10000600618000
10000633974000
10000667388000
10000700711000
10000734074000
10000767444000
10000800819000
10000834181000
10000867546000
10000900925000
10000934305000
10000967647000
10001001014000
10001034395000
10001067743000
10001101109000
10001134470000
10001167847000
10001201215000
10001234571000
10001267945000
10001301335000
10001334675000
10001368048000
10001401408000
10001434769000
10001468150000
10001501517000
10001534888000
10001568238000
10001601618000
10001634972000
10001668369000
10001701704000
10001735074000
10001768446000
10001801816000
10001835178000
10001868538000
10001901910000
10001935281000
10001968640000
10002002003000
10002035368000
10002068740000
10002102114000
10002135470000
10002168842000
10002202207000
10002235571000
10002268941000
10002302304000
10002335669000
10002369047000
10002402411000
10002435771000
10002469139000
10002502505000
10002535869000
10002569246000
10002602605000
10002635972000
10002669364000
10002702711000
10002736071000
10002769437000
10002802802000
10002836174000
10002869541000
10002902911000
10002936289000
10002969639000
10003003020000
10003036380000
10003069742000
10003103114000
10003136476000
10003169840000
10003203204000
10003236572000
10003269947000
10003303316000
10003336673000
10003370037000
10003403407000
10003436771000
10003470156000
10003503524000
10003536874000
10003570246000
10003603615000
10003636995000
10003670357000
10003703706000
10003737076000
10003770440000
10003803811000
10003837180000
10003870542000
10003903915000
10003937318000
10003970644000
10004004012000
10004037388000
10004070741000
10004104119000
10004137488000
10004170847000
10004204218000
10004237594000
10004270936000
10004304305000
10004337696000
10004371044000
10004404419000
10004437816000
10004471143000
10004504511000
10004537896000
10004571243000
10004604606000
10004637990000
10004671353000
10004704703000
10004738096000
10004771444000
10004804807000
10004838208000
10004871542000
10004904903000
10004938310000
10004971640000
10005005008000
10005038430000
10005071742000
10005105107000
10005138500000
10005171840000
10005205209000
10005238588000
10005271946000
10005305308000
10005338695000
10005372037000
10005405407000
10005438807000
10005472143000
10005505507000
10005538886000
10005572246000
10005605607000
10005638997000
10005672351000
10005705703000
10005739088000
10005772439000
10005805804000
10005839180000
10005872543000
10005905926000
10005939313000
10005972658000
10006006008000
10006039383000
10006072737000
10006106125000
10006139489000
10006172841000
10006206216000
10006239586000
10006272952000
10006306308000
10006339675000
10006373040000
10006406411000
10006439784000
10006473141000
10006506515000
10006539890000
10006573258000
10006606615000
10006639978000
10006673347000
10006706711000
10006740075000
10006773441000
10006806829000
10006840184000
10006873550000
10006906913000
10006940285000
10006973640000
10007007014000
10007040376000
10007073739000
10007107137000
10007140479000
10007173837000
10007207211000
10007240569000
10007273941000
10007307327000
10007340671000
10007374040000
10007407427000
10007440784000
10007474154000
10007507516000
10007540878000
10007574239000
10007607613000
10007640975000
10007674362000
10007707711000
10007741082000
10007774437000
10007807815000
10007841174000
10007874542000
10007907917000
10007941305000
10007974642000
10008008013000
10008041390000
10008074743000
10008108105000
10008141473000
10008174838000
10008208208000
10008241579000
10008274937000
10008308325000
10008341690000
10008375048000
10008408408000
10008441771000
10008475141000
10008508508000
10008541884000
10008575242000
10008608612000
10008641975000
10008675357000
10008708708000
10008742073000
10008775440000
10008808814000
10008842195000
10008875550000
10008908906000
10008942290000
10008975639000
10009009008000
10009042371000
10009075737000
10009109105000
10009142490000
10009175839000
10009209209000
10009242573000
10009275938000
10009309305000
10009342672000
10009376039000
10009409411000
10009442777000
10009476134000
10009509508000
10009542880000
10009576242000
10009609616000
10009642972000
10009676355000
10009709709000
10009743078000
10009776441000
10009809810000
10009843172000
10009876536000
10009909909000
10009943292000
10009976638000
10010010008000
10010043394000
10010076737000
10010110109000
10010143470000
10010176839000
10010210207000
10010243572000
10010276945000
10010310313000
10010343674000
10010377053000
10010410404000
10010443771000
10010477144000
10010510511000
10010543876000
10010577253000
10010610611000
10010643983000
10010677374000
10010710707000
10010744069000
10010777454000
10010810812000
10010844175000
10010877563000
10010910914000
10010944283000
10010977654000
10011011009000
10011044375000
10011077761000
10011111105000
10011144473000
10011177853000
10011211208000
10011244572000
10011277971000
10011311307000
10011344676000
10011378064000
10011411413000
10011444773000
10011478167000
10011511504000
10011544879000
10011578338000
10011611608000
10011644970000
10011678402000
10011711706000
10011745071000
10011778478000
10011811814000
10011845171000
10011878563000
10011911908000
10011945289000
10011978656000
10012012005000
10012045370000
10012078763000
10012112111000
10012145474000
10012178862000
10012212207000
10012245572000
10012278963000
10012312313000
10012345672000
10012379058000
10012412406000
10012445771000
10012479177000
10012512516000
10012545884000
10012579261000
10012612619000
10012645982000
10012679377000
10012712710000
10012746076000
10012779448000
10012812806000
10012846172000
10012879544000
10012912904000
10012946304000
10012979647000
10013013009000
10013046375000
10013079745000
10013113112000
10013146480000
10013179847000
10013213207000
10013246580000
10013279949000
10013313310000
10013346675000
10013380042000
10013413402000
10013446775000
10013480143000
10013513505000
10013546901000
10013580250000
10013613608000
10013646979000
10013680356000
10013713709000
10013747092000
10013780445000
10013813802000
10013847193000
10013880545000
10013913915000
10013947308000
10013980640000
10014014004000
10014047377000
10014080744000
10014114104000
10014147492000
10014180842000
10014214211000
10014247574000
10014280938000
10014314304000
10014347673000
10014381044000
10014414411000
10014447804000
10014481154000
10014514504000
10014547879000
10014581243000
10014614607000
10014647978000
10014681365000
10014714709000
10014748079000
10014781442000
10014814806000
10014848174000
10014881538000
10014914909000
10014948296000
10014981645000
10015015006000
10015048376000
10015081753000
10015115109000
10015148474000
10015181840000
10015215207000
10015248578000
10015281947000
10015315304000
10015348680000
10015382048000
10015415401000
10015448772000
10015482142000
10015515503000
10015548877000
10015582245000
10015615606000
10015648978000
10015682358000
10015715706000
10015749073000
10015782442000
10015815809000
10015849180000
10015882554000
10015915910000
10015949287000
10015982642000
10016016004000
10016049374000
10016082738000
10016116115000
10016149476000
10016182862000
10016216209000
10016249575000
10016282940000
10016316306000
10016349674000
10016383039000
10016416405000
10016449775000
10016483144000
10016516505000
10016549874000
10016583255000
10016616607000
10016649991000
10016683354000
10016716708000
10016750077000
10016783444000
10016816811000
10016850172000
10016883538000
10016916904000
10016950296000
10016983640000
10017017018000
10017050374000
10017083746000
10017117116000
10017150478000
10017183843000
10017217216000
10017250571000
10017283938000
10017317335000
10017350674000
10017384040000
10017417429000
10017450774000
10017484140000
10017517518000
10017550871000
10017584242000
10017617629000
10017650990000
10017684356000
10017717729000
10017751070000
10017784444000
10017817825000
10017851176000
10017884540000
10017917932000
10017951297000
10017984653000
10018018039000
10018051374000
10018084739000
10018118124000
10018151470000
10018184840000
10018218227000
10018251574000
10018284939000
10018318382000
10018351670000
10018385036000
10018418421000
10018451775000
10018485148000
10018518534000
10018551876000
10018585242000
10018618626000
10018651968000
10018685352000
10018718717000
10018752075000
10018785438000
10018818830000
10018852172000
10018885538000
10018918933000
10018952295000
10018985641000
10019019015000
10019052373000
10019085738000
10019119127000
10019152469000
10019185839000
10019219226000
10019252576000
10019285969000
10019319343000
10019352674000
10019386042000
10019419422000
10019452770000
10019486140000
10019519516000
10019552873000
10019586282000
10019619633000
10019652976000
10019686373000
10019719720000
10019753088000
10019786448000
10019819815000
10019853172000
10019886544000
10019919907000
10019953287000
10019986647000
10020020012000
10020053384000
10020086762000
10020120115000
10020153473000
10020186846000
10020220213000
10020253572000
10020286955000
10020320330000
10020353684000
10020387041000
10020420408000
10020453770000
10020487147000
10020520506000
10020553875000
10020587315000
10020620609000
10020653984000
10020687383000
10020720715000
10020754070000
10020787441000
10020820807000
10020854171000
10020887545000
10020920911000
10020954345000
10020987643000
10021021007000
10021054376000
10021087747000
10021121107000
10021154470000
10021187853000
10021221226000
10021254572000
10021287938000
10021321304000
10021354670000
10021388042000
10021421408000
10021454776000
10021488161000
10021521509000
10021554883000
10021588244000
10021621609000
10021654987000
10021688357000
10021721718000
10021755100000
10021788441000
10021821818000
10021855175000
10021888541000
10021921908000
10021955290000
10021988645000
10022022013000
10022055367000
10022088744000
10022122121000
10022155468000
10022188845000
10022222205000
10022255574000
10022288946000
10022322376000
10022355686000
10022389041000
10022422416000
10022455793000
10022489140000
10022522503000
10022555874000
10022589241000
10022622607000
10022655979000
10022689359000
10022722734000
10022756071000
10022789446000
10022822808000
10022856169000
10022889544000
10022922916000
10022956280000
10022989639000
10023023007000
10023056370000
10023089744000
10023123112000
10023156472000
10023189841000
10023223224000
10023256570000
10023289938000
10023323309000
10023356669000
10023390040000
10023423406000
10023456772000
10023490142000
10023523513000
10023556873000
10023590244000
10023623609000
10023656996000
10023690359000
10023723706000
10023757077000
10023790447000
10023823811000
10023857182000
10023890540000
10023923903000
10023957303000
10023990637000
10024024003000
10024057390000
10024090739000
10024124113000
10024157492000
10024190838000
10024224204000
10024257592000
10024290939000
10024324303000
10024357685000
10024391038000
10024424404000
10024457805000
10024491140000
10024524509000
10024557901000
10024591238000
10024624611000
10024658000000
10024691350000
10024724705000
10024758110000
10024791445000
10024824802000
10024858192000
10024891544000
10024924907000
10024958338000
10024991645000
10025025010000
10025058417000
10025091741000
10025125105000
10025158481000
10025191839000
10025225203000
10025258590000
10025291938000
10025325308000
10025358696000
10025392042000
10025425406000
10025458796000
10025492139000
10025525508000
10025558894000
10025592245000
10025625606000
10025658994000
10025692352000
10025725709000
10025759084000
10025792442000
10025825811000
10025859200000
10025892542000
10025925921000
10025959326000
10025992637000
10026026011000
10026059381000
10026092739000
10026126112000
10026159483000
10026192851000
10026226213000
10026259586000
10026292967000
10026326312000
10026359680000
10026393037000
10026426413000
10026459788000
10026493138000
10026526510000
10026559883000
10026593241000
10026626613000
10026659982000
10026693358000
10026726715000
10026760080000
10026793452000
10026826808000
10026860174000
10026893537000
10026926911000
10026960280000
10026993637000
10027027030000
10027060391000
10027093763000
10027127116000
10027160499000
10027193838000
10027227207000
10027260576000
10027293936000
10027327362000
10027360677000
10027394038000
10027427414000
10027460770000
10027494139000
10027527511000
10027560871000
10027594242000
10027627617000
10027660991000
10027694354000
10027727707000
10027761068000
10027794440000
10027827815000
10027861170000
10027894539000
10027927910000
10027961291000
10027994640000
10028028024000
10028061383000
10028094741000
10028128116000
10028161471000
10028194839000
10028228212000
10028261584000
10028294937000
10028328322000
10028361669000
10028395039000
10028428410000
10028461782000
10028495140000
10028528511000
10028561878000
10028595240000
10028628609000
10028661976000
10028695347000
10028728711000
10028762082000
10028795439000
10028828818000
10028862196000
10028895540000
10028928924000
10028962285000
10028995638000
10029029014000
10029062376000
10029095741000
10029129111000
10029162481000
10029195839000
10029229206000
10029262573000
10029295941000
10029329314000
10029362685000
10029396040000
10029429412000
10029462779000
10029496142000
10029529506000
10029562870000
10029596239000
10029629611000
10029662991000
10029696364000
10029729710000
10029763074000
10029796444000
10029829818000
10029863172000
10029896537000
10029929910000
10029963326000
10029996641000
10030030006000
10030063373000
10030096737000
10030130103000
10030163474000
10030196839000
10030230211000
10030263578000
10030296942000
10030330305000
10030363669000
10030397060000
10030430409000
10030463770000
10030497143000
10030530508000
10030563870000
10030597256000
10030630609000
10030663994000
10030697386000
10030730710000
10030764071000
10030797452000
10030830808000
10030864180000
10030897580000
10030930906000
10030964289000
10030997657000
10031031009000
10031064372000
10031097760000
10031131111000
10031164473000
10031197881000
10031231203000
10031264570000
10031297954000
10031331310000
10031364687000
10031398059000
10031431406000
10031464771000
10031498193000
10031531507000
10031564874000
10031598260000
10031631611000
10031664969000
10031698389000
10031731722000
10031765071000
10031798474000
10031831811000
10031865170000
10031898555000
10031931909000
10031965282000
10031998659000
10032032008000
10032065370000
10032098761000
10032132104000
10032165476000
10032198849000
10032232210000
10032265572000
10032298961000
10032332317000
10032365673000
10032399063000
10032432411000
10032465778000
10032499153000
10032532505000
10032565872000
10032599265000
10032632604000
10032665983000
10032699387000
10032732705000
10032766077000
10032799463000
10032832809000
10032866179000
10032899557000
10032932905000
10032966317000
10032999648000
10033033004000
10033066375000
10033099745000
10033133106000
10033166488000
10033199863000
10033233206000
10033266593000
10033299949000
10033333350000
10033366694000
10033400043000
10033433410000
10033466792000
10033500148000
10033533507000
10033566898000
10033600245000
10033633615000
10033667002000
10033700379000
10033733705000
10033767092000
10033800452000
10033833816000
10033867177000
10033900542000
10033933909000
10033967321000
10034000639000
10034034008000
10034067405000
10034100750000
10034134110000
10034167477000
10034200839000
10034234206000
10034267592000
10034300948000
10034334305000
10034367682000
10034401046000
10034434404000
10034467779000
10034501139000
10034534509000
10034567913000
10034601252000
10034634609000
10034667991000
10034701374000
10034734711000
10034768079000
10034801444000
10034834811000
10034868183000
10034901547000
10034934912000
10034968288000
10035001647000
10035035019000
10035068381000
10035101744000
10035135104000
10035168472000
10035201843000
10035235206000
10035268580000
10035301959000
10035335309000
10035368676000
10035402043000
10035435407000
10035468778000
10035502139000
10035535506000
10035568879000
10035602255000
10035635632000
10035668983000
10035702355000
10035735706000
10035769079000
10035802448000
10035835804000
10035869180000
10035902557000
10035935905000
10035969301000
10036002637000
10036036003000
10036069373000
10036102751000
10036136102000
10036169479000
10036202854000
10036236207000
10036269575000
10036302938000
10036336307000
10036369681000
10036403052000
10036436409000
10036469775000
10036503149000
10036536503000
10036569871000
10036603240000
10036636606000
10036669973000
10036703370000
10036736707000
10036770078000
10036803463000
10036836811000
10036870173000
10036903536000
10036936906000
10036970296000
10037003643000
10037037018000
10037070371000
10037103738000
10037137115000
10037170475000
10037203845000
10037237224000
10037270577000
10037303947000
10037337355000
10037370673000
10037404035000
10037437425000
10037470772000
10037504141000
10037537520000
10037570877000
10037604246000
10037637637000
10037670993000
10037704366000
10037737739000
10037771075000
10037804436000
10037837822000
10037871171000
10037904542000
10037937929000
10037971293000
10038004638000
10038038028000
10038071373000
10038104737000
10038138123000
10038171477000
10038204839000
10038238245000
10038271573000
10038304937000
10038338357000
10038371675000
10038405034000
10038438422000
10038471774000
10038505140000
10038538538000
10038571871000
10038605237000
10038638618000
10038671971000
10038705351000
10038738720000
10038772074000
10038805443000
10038838825000
10038872170000
10038905540000
10038938917000
10038972297000
10039005642000
10039039022000
10039072371000
10039105741000
10039139131000
10039172472000
10039205842000
10039239216000
10039272573000
10039305957000
10039339330000
10039372674000
10039406045000
10039439429000
10039472776000
10039506145000
10039539510000
10039572874000
10039606240000
10039639620000
10039672975000
10039706377000
10039739724000
10039773076000
10039806446000
10039839830000
10039873171000
10039906549000
10039939917000
10039973293000
10040006674000
